40.749608 -73.977082
40.750119 -73.976575
40.738901 -73.994527
40.739325 -73.993394
40.743618 -73.984141
40.739102 -73.992703
40.739001 -73.994796
40.738513 -73.993125
40.738545 -73.994840
40.750468 -73.998756
40.752965 -73.996847
40.760177 -73.980160
40.643884 -73.782806
40.794040 -73.970412
40.763608 -73.972942
40.758712 -73.978575
40.750386 -73.983405
40.752292 -73.994325
40.774578 -73.872005
40.745736 -73.972363
40.750613 -73.993434
40.755881 -73.968810
40.796185 -73.923460
40.794110 -73.922854
40.799419 -73.922238
40.756178 -73.969181
40.756423 -73.986470
40.756879 -73.986225
40.732500 -73.987460
40.761333 -73.977502
40.740794 -74.007736
40.754020 -73.984180
40.711418 -74.010826
40.662632 -73.720986
40.729768 -73.998535
40.708293 -73.869042
40.732210 -74.063075
40.643154 -73.789752
40.732224 -73.976365
40.730080 -73.991611
40.912766 -73.783535
40.910891 -73.780316
40.775000 -73.982609
40.785082 -73.955801
40.645919 -73.777935
40.734844 -73.991348
40.781228 -73.960411
40.758063 -73.971076
40.826946 -73.928117
40.645494 -73.778996
40.751694 -73.976601
40.811730 -74.067571
40.784104 -73.956677
40.730258 -73.991176
40.827968 -73.925832
40.784007 -73.958308
40.739023 -74.155413
40.719429 -73.986902
40.811730 -74.067571
40.783287 -73.958029
40.732466 -73.991241
40.738892 -73.989990
40.734827 -73.990570
40.772087 -73.965239
40.759122 -73.973715
40.741298 -74.005526
40.737571 -74.000504
40.722864 -74.004639
40.728489 -73.992605
40.738339 -74.003524
40.785423 -73.950626
40.793733 -73.952418
40.758188 -73.974444
40.758789 -73.976687
40.389986 -74.116317
40.753230 -73.982180
40.741388 -73.989454
40.741374 -73.988105
40.775723 -73.971784
40.774293 -73.970839
40.782929 -73.958984
40.764041 -73.980998
40.764118 -73.981263
40.763801 -73.980311
40.763877 -73.97941
40.763167 -73.979236
40.763653 -73.979048
40.762856 -73.978006
40.763607 -73.978957
40.801135 -73.959124
40.764333 -73.969103
40.774147 -73.963823
40.763295 -73.976222
40.764641 -73.968695
40.760849 -73.976268
40.780541 -73.966827
40.695869 -74.177200
40.695677 -74.177803
40.696753 -74.177623
40.695696 -74.177155
40.691246 -74.179515
40.740805 -73.986698
40.740345 -73.986467
40.692467 -73.991219
40.742241 -73.986800
40.743263 -73.985740
40.742623 -73.984755
40.743757 -73.982969
40.711337 -74.009206
40.705025 -74.008929
40.743363 -74.007360
40.778746 -73.955636
40.737548 -74.001724
40.733139 -73.989951
40.735794 -73.990894
40.747942 -73.982484
40.735844 -73.990387
40.746480 -73.982509
40.744916 -73.983789
40.752670 -73.977330
40.753721 -73.978280
40.747954 -73.991834
40.749266 -73.988017
40.733961 -73.993014
40.748435 -73.992504
40.749112 -73.991462
40.748711 -73.992244
40.744590 -73.989400
40.742770 -73.989029
40.722494 -73.992265
40.743874 -73.987172
40.723713 -73.992244
40.720370 -74.000023
40.737223 -73.990509
40.756912 -73.976032
40.756137 -73.975557
40.761963 -73.972657
40.743750 -73.993327
40.764427 -73.966573
40.749654 -73.992274
40.762506 -73.968050
40.745224 -73.990680
40.734039 -73.990699
40.748911 -73.991585
40.749484 -73.991818
40.748443 -73.985731
40.734453 -73.991713
40.774375 -73.964020
40.757066 -73.986525
40.770788 -73.967345
40.672078 -74.010922
40.729815 -73.991793
40.766783 -73.967342
40.743806 -73.979820
40.762747 -73.971548
40.738727 -73.983003
40.674307 -73.996900
40.755380 -73.925252
40.804316 -73.937441
40.776228 -73.962572
40.739794 -74.006438
40.742431 -73.990641
40.740079 -73.994539
40.758635 -73.981343
40.758931 -73.979364
40.760118 -73.981141
40.763860 -73.972932
40.764553 -73.973150
40.751912 -73.993938
40.751930 -73.993370
40.751685 -73.987370
40.751169 -73.986853
40.750605 -73.989293
40.749979 -73.987812
40.749809 -73.987931
40.750060 -73.987911
40.712164 -74.015339
40.719729 -73.958051
40.750607 -74.003414
40.751670 -73.994061
40.742640 -73.992705
40.743514 -73.994159
40.732923 -73.994014
40.730990 -73.990291
40.771907 -73.982296
40.741503 -73.985274
40.730667 -73.998949
40.740451 -73.986817
40.740827 -73.988113
40.741633 -73.987593
40.781061 -73.973758
40.756424 -73.845419
40.780805 -73.976472
40.718733 -74.002122
40.686836 -73.977813
40.773944 -73.884515
40.718506 -74.007213
40.714777 -74.015787
40.714842 -74.015032
40.720938 -74.003789
40.721139 -74.004917
40.720370 -74.001413
40.695844 -74.177197
40.757559 -73.986114
40.756684 -73.985983
40.759143 -73.984921
40.756588 -73.986338
40.721120 -73.998230
40.756392 -73.986010
40.756160 -73.983674
40.757830 -73.986418
40.759459 -73.985935
40.690807 -73.992222
40.754084 -73.981901
40.742201 -73.987995
40.728754 -73.995430
40.749352 -73.987981
40.735443 -73.867786
40.721431 -73.962584
40.573284 -73.979748
40.703710 -73.924061
40.720656 -73.951549
40.744181 -73.845248
40.734021 -73.872034
40.752908 -73.996674
40.757887 -74.002275
40.718688 -74.000902
40.719028 -74.006366
40.740424 -73.988662
40.705846 -74.009631
40.720078 -74.004880
40.729852 -73.991407
40.720856 -73.845637
40.805869 -73.989403
40.736811 -73.989475
40.735982 -73.990280
40.719706 -73.998786
40.756091 -73.990259
40.739708 -73.995068
40.736461 -73.990902
40.721534 -74.001561
40.754880 -73.973489
40.720160 -74.005448
40.719765 -73.999525
40.721846 -74.002160
40.752791 -73.977255
40.762479 -73.979701
40.722965 -73.997519
40.720234 -73.844914
40.742038 -74.004700
40.745842 -73.988274
40.727257 -73.986300
40.729112 -73.991857
40.731787 -73.989095
40.731074 -73.991896
40.730575 -73.992437
40.729340 -73.991729
40.729767 -73.990627
40.742158 -73.995344
40.775085 -73.968753
40.779209 -73.963050
40.769873 -73.975217
40.775341 -73.981794
40.746672 -73.985759
40.733249 -73.990988
40.774196 -73.967095
40.863187 -73.880369
40.802572 -73.971319
40.765280 -73.983461
40.758551 -73.989587
40.735364 -74.005793
40.735481 -74.005939
40.735884 -74.004968
40.775894 -73.874731
40.769268 -73.982276
40.732683 -73.925151
40.750683 -73.986767
40.711813 -73.948984
40.916625 -74.076347
40.722111 -73.996279
40.724743 -73.994171
40.722557 -73.999770
40.722058 -73.996499
40.718420 -73.990808
40.722036 -73.987532
40.722371 -73.996504
40.721069 -73.987727
40.719477 -73.993231
40.722128 -73.996869
40.754580 -73.984154
40.722295 -73.997029
40.754214 -73.985012
40.753603 -73.977070
40.753053 -73.979398
40.678369 -73.979164
40.723453 -73.998284
40.751507 -73.9755
40.694713 -73.993948
40.694895 -73.994974
40.688718 -73.989435
40.714154 -73.956215
40.749812 -73.985689
40.718068 -73.990083
40.731954 -73.983867
40.726490 -73.985325
40.738334 -74.009740
40.730258 -73.983895
40.722160 -73.997415
40.721972 -73.996163
40.719202 -73.992249
40.722289 -73.996539
40.726935 -73.988613
40.722195 -73.996727
40.763690 -73.982856
40.721778 -73.995634
40.735561 -73.997886
40.762796 -73.982105
40.763153 -73.983199
40.754996 -73.984851
40.761585 -73.983446
40.763222 -73.983567
40.675260 -73.981377
40.675984 -73.983475
40.676976 -73.980133
40.753446 -73.982775
40.74433 -73.99538
40.719147 -73.996819
40.693465 -73.988802
40.785310 -73.972808
40.741494 -73.989071
40.757383 -73.985635
40.747013 -74.001044
40.760179 -73.984658
40.757075 -73.984776
40.758949 -73.985001
40.771100 -73.985280
40.755377 -73.984825
40.756831 -73.986517
40.759658 -73.985404
40.716368 -74.032698
40.670764 -73.984807
40.768443 -73.982845
40.682463 -73.993310
40.721437 -73.997801
40.731006 -73.988553
40.725347 -73.992184
40.725251 -73.999147
40.728694 -74.005095
40.738806 -73.993956
40.760797 -73.990849
40.747349 -74.000806
40.759075 -73.979904
40.752848 -73.983789
40.753846 -73.984508
40.758692 -73.981482
40.772973 -73.915897
40.755705 -73.986246
40.671492 -74.002908
40.754086 -73.983917
40.754864 -73.984154
40.753816 -73.983618
40.753974 -73.984119
40.687597 -73.970490
40.759569 -73.976976
40.718891 -74.010127
40.763729 -73.976204
40.725523 -74.007619
40.758256 -73.987298
40.758397 -73.988308
40.722011 -73.949560
40.737179 -73.992174
40.723626 -73.951580
40.756693 -73.972438
40.757123 -73.971966
40.734819 -73.993651
40.758919 -73.975921
40.759281 -73.980635
40.771701 -73.865847
40.761634 -73.967857
40.732397 -73.999228
40.746421 -73.899333
40.756497 -73.973468
40.724152 -73.982845
40.729925 -73.980849
40.729874 -73.991004
40.766811 -73.937741
40.851483 -73.952085
40.724665 -73.998434
40.728533 -73.990602
40.732493 -74.003466
40.728527 -73.996868
40.719967 -73.998666
40.729439 -73.990736
40.742965 -73.998639
40.727957 -73.991568
40.748411 -74.003509
40.729724 -73.990619
40.720648 -73.989937
40.738225 -74.009701
40.742501 -74.003970
40.720099 -73.988309
40.764280 -73.979198
40.764248 -73.978990
40.765144 -73.979938
40.758610 -73.978425
40.764302 -73.979750
40.760579 -73.987907
40.758984 -73.979294
40.760370 -73.977460
40.758599 -73.974829
40.714742 -73.943490
40.713362 -73.951420
40.745810 -73.988220
40.724192 -73.950760
40.754839 -73.973653
40.754889 -73.972759
40.719479 -73.955865
40.758888 -73.992219
40.756343 -73.975324
40.757001 -73.985742
40.756755 -73.986057
40.754649 -73.974841
40.772896 -73.984798
40.717031 -73.963189
40.606915 -74.044761
40.702267 -73.926659
40.707417 -74.011362
40.707172 -74.010545
40.707070 -74.011952
40.733919 -73.990903
40.705823 -73.996696
40.769378 -73.963083
40.725121 -74.003222
40.723428 -73.995673
40.723584 -73.996117
40.723901 -73.996224
40.730868 -73.997565
40.731724 -74.003337
40.742511 -74.006030
40.732938 -74.062938
40.741746 -73.993421
40.734193 -74.004163
40.742396 -74.007543
40.722766 -73.999023
40.714642 -74.015283
40.755262 -73.971086
40.717273 -74.042801
40.719404 -74.042637
40.719485 -74.042176
40.755937 -73.985956
40.755876 -73.986026
40.741067 -73.990044
40.756657 -73.985990
40.787775 -73.956030
40.725142 -74.005817
40.720688 -74.000988
40.756538 -73.985795
40.772661 -73.971537
40.758594 -73.985946
40.775479 -73.974734
40.757554 -73.986536
40.773126 -73.971431
40.751959 -73.971739
40.711434 -74.012188
40.712760 -74.012274
40.772327 -73.967860
40.775046 -73.976978
40.774104 -73.966591
40.773180 -73.968449
40.776113 -73.975753
40.761329 -73.986567
40.731275 -73.997109
40.730840 -73.997530
40.773952 -73.972193
40.725949 -74.006180
40.776372 -73.975516
40.720827 -73.998895
40.726227 -74.005461
40.725728 -74.005681
40.774662 -73.973972
40.774108 -73.973713
40.730192 -74.004657
40.775854 -73.975252
40.730299 -73.984025
40.724274 -74.007560
40.775621 -73.968336
40.777438 -73.973718
40.725909 -74.009442
40.774882 -73.968528
40.782326 -73.974136
40.735418 -73.998370
40.725044 -73.982891
40.641507 -73.788750
40.730316 -74.000304
40.774233 -73.967664
40.723355 -73.995923
40.748107 -73.985387
40.708248 -74.008842
40.779988 -73.980442
40.728192 -73.993639
40.774480 -73.968128
40.774795 -73.972853
40.774822 -73.973293
40.775091 -73.972597
40.774315 -73.971399
40.726982 -74.007596
40.750167 -73.988506
40.774887 -73.966484
40.779468 -73.959679
40.725779 -73.991982
40.780663 -73.961338
40.781256 -73.973650
40.776349 -73.972620
40.775335 -73.965195
40.774945 -73.967340
40.724798 -73.998530
40.721633 -73.997628
40.730976 -73.985991
40.777795 -73.972972
40.779363 -73.973425
40.725909 -73.991611
40.784497 -73.969616
40.734332 -73.992975
40.778136 -73.973089
40.722917 -73.996815
40.722485 -73.997099
40.722433 -73.997005
40.722306 -73.995945
40.775939 -73.965733
40.722230 -73.996052
40.785903 -73.963308
40.777752 -73.972749
40.784093 -73.969423
40.777013 -73.964041
40.784275 -73.968372
40.723656 -74.008809
40.777505 -73.963988
40.777307 -73.963812
40.759768 -73.997162
40.725626 -74.007088
40.750353 -73.992930
40.721757 -73.997476
40.733519 -73.992040
40.721688 -73.997495
40.763380 -73.985705
40.777591 -73.964188
40.762194 -73.984637
40.782182 -73.962535
40.784591 -73.966590
40.776818 -73.967221
40.776856 -73.967061
40.781922 -73.971526
40.758944 -73.979036
40.781958 -73.971269
40.698974 -73.808446
40.779179 -73.97261
40.783168 -73.970012
40.739557 -73.994053
40.737770 -73.990377
40.782086 -73.964724
40.779964 -73.970303
40.783398 -73.967454
40.778752 -73.970812
40.782129 -73.962642
40.778889 -73.966677
40.781872 -73.969702
40.781053 -73.964566
40.776836 -73.970131
40.779458 -73.969080
40.778877 -73.965179
40.780616 -73.968565
40.780509 -73.968414
40.780456 -73.968544
40.779522 -73.966870
40.779908 -73.969638
40.782698 -73.966526
40.781418 -73.966333
40.777348 -73.965861
40.779651 -73.965280
40.779608 -73.965346
40.777392 -73.970793
40.775004 -73.969093
40.778753 -73.971824
40.773778 -73.976432
40.777488 -73.971148
40.772450 -73.969527
40.773793 -73.969992
40.735180 -74.009935
40.749687 -73.846954
40.727348 -73.988491
40.712202 -73.967233
40.677054 -74.013328
40.726722 -73.981520
40.718791 -74.010142
40.718250 -73.990430
40.681820 -74.000409
40.959415 -74.069159
40.719580 -73.984894
40.822574 -74.031049
40.817352 -73.803796
40.744728 -73.992814
40.800805 -73.793404
40.838220 -73.881762
40.71924 -73.997362
40.740746 -74.004539
40.753871 -73.991094
40.750765 -73.990830
40.756070 -73.969987
40.636606 -74.198441
40.774512 -73.948212
40.721388 -73.988102
40.668448 -73.963565
40.672948 -73.969874
40.671256 -73.963855
40.717517 -73.999367
40.770210 -73.972342
40.758107 -73.985892
40.728610 -73.989709
40.722779 -73.997913
40.739753 -74.006439
40.734234 -74.164516
40.722321 -73.986083
40.770285 -73.972487
40.772408 -73.971580
40.769759 -73.972299
40.770419 -73.973059
40.769137 -73.973758
40.768167 -73.981665
40.770254 -73.975900
40.769441 -73.980132
40.769067 -73.978908
40.766980 -73.979026
40.769568 -73.979947
40.769184 -73.977363
40.769351 -73.977148
40.768976 -73.974316
40.766842 -73.976546
40.768225 -73.976826
40.769233 -73.976826
40.772533 -73.967532
40.771439 -73.969845
40.720215 -73.988321
40.772686 -73.971132
40.772420 -73.969423
40.725567 -74.004260
40.772538 -73.972331
40.767179 -73.971943
40.770561 -73.972143
40.770117 -73.970951
40.772426 -73.972541
40.772589 -73.972311
40.768181 -73.971190
40.769282 -73.969366
40.772789 -73.971875
40.756424 -73.990334
40.717228 -73.962894
40.727052 -73.982184
40.729210 -73.984433
40.729352 -73.987301
40.718181 -74.000718
40.730558 -74.000133
40.674485 -73.963259
40.780643 -73.969096
40.630209 -74.109065
40.687276 -74.182670
40.693699 -74.176419
40.705565 -74.013430
40.708601 -74.155469
40.712202 -74.009794
40.710637 -74.009469
40.773667 -73.975985
40.712044 -74.009587
40.712008 -74.009576
40.712049 -74.010171
40.737149 -73.990407
40.737105 -73.990596
40.736974 -73.990560
40.734890 -73.991194
40.735322 -73.990845
40.734657 -73.990377
40.749046 -73.978817
40.727974 -73.979056
40.726383 -73.986233
40.416869 -74.036051
40.736742 -73.990773
40.737443 -73.989654
40.736388 -73.990945
40.736361 -73.990903
40.736909 -73.991412
40.764637 -73.996057
40.781428 -73.979742
40.663126 -73.962492
40.778534 -73.944361
40.763323 -73.978422
40.730216 -74.000871
40.730063 -73.986954
40.730733 -73.986164
40.744225 -73.990322
40.778232 -73.981112
40.761569 -73.981740
40.724247 -73.992796
40.722736 -73.988729
40.713654 -73.972588
40.685197 -73.991442
40.682578 -73.993243
40.705847 -74.001910
40.706734 -73.990430
40.751254 -73.993993
40.705033 -74.001695
40.680956 -73.995430
40.705380 -74.002686
40.703293 -73.989761
40.702838 -73.989475
40.703005 -73.986745
40.672730 -73.983460
40.693143 -74.016115
40.703605 -74.016437
40.700829 -74.013057
40.690693 -73.995697
40.682557 -73.993253
40.738044 -74.003921
40.703952 -74.016072
40.765891 -73.973338
40.706698 -74.152039
40.765119 -73.973314
40.766827 -73.973743
40.766558 -73.973865
40.706582 -74.004368
40.767284 -73.975573
40.767817 -73.973994
40.698798 -74.040019
40.768191 -73.974756
40.689196 -74.044504
40.767548 -73.975619
40.714255 -74.034771
40.804486 -73.966229
40.699381 -74.039397
40.713462 -74.015585
40.710605 -74.010740
40.767972 -73.981869
40.711888 -74.010214
40.764021 -73.973621
40.711773 -74.009685
40.765816 -73.976600
40.711995 -74.010236
40.765959 -73.976638
40.711673 -74.010365
40.711684 -74.010257
40.711877 -74.010558
40.764718 -73.973017
40.820320 -73.958932
40.791624 -73.959531
40.791564 -73.964558
40.684380 -73.977062
40.794253 -73.961055
40.794628 -73.959810
40.752426 -73.993552
40.789735 -73.957339
40.792847 -73.960003
40.793609 -73.962192
40.787852 -73.956044
40.749053 -73.968039
40.759927 -73.985515
40.792300 -73.963179
40.790627 -73.963673
40.721522 -73.957379
40.791517 -73.964617
40.758284 -73.987692
40.791710 -73.964188
40.763381 -73.984379
40.791230 -73.960976
40.789635 -73.966072
40.789298 -73.964964
40.789818 -73.961784
40.757843 -73.987236
40.789060 -73.965668
40.758570 -73.985817
40.741745 -74.004549
40.742604 -74.007523
40.744299 -73.996800
40.745556 -74.007778
40.741838 -74.003425
40.743310 -74.006852
40.743257 -74.007307
40.745501 -74.007468
40.677639 -73.998170
40.695935 -74.177560
40.762056 -73.971548
40.725022 -73.999110
40.738144 -73.990589
40.743826 -73.984715
40.738730 -73.990173
40.760341 -73.980474
40.738358 -73.989952
40.736369 -73.990362
40.744420 -73.987212
40.736949 -73.990666
40.850380 -73.827947
40.977921 -73.863401
40.863874 -73.876962
40.757830 -73.986085
40.771930 -73.972402
40.838195 -73.859801
40.763418 -73.977665
40.771193 -73.981691
40.841863 -73.87391
40.779833 -73.973598
40.781865 -73.972824
40.845353 -73.875713
40.773008 -73.976659
40.772165 -73.977556
40.773647 -73.977330
40.762836 -73.982598
40.771566 -73.967962
40.766430 -73.979006
40.969635 -73.712972
40.831214 -73.837898
40.835910 -73.870662
40.832958 -73.860281
40.766538 -73.978452
40.765371 -73.976280
40.777832 -73.961659
40.779062 -73.961613
40.741867 -74.122813
40.811401 -74.060066
40.777681 -73.961179
40.777375 -73.961463
40.776877 -73.963070
40.850371 -73.946344
40.782143 -73.975325
40.781349 -73.975794
40.780871 -73.975944
40.843935 -73.900362
40.783612 -73.974428
40.722111 -74.000816
40.781981 -73.975388
40.693601 -74.176731
40.786818 -73.967213
40.784245 -73.959016
40.788964 -73.962149
40.787730 -73.967471
40.787537 -73.966140
40.789285 -73.961827
40.789017 -73.961248
40.788491 -73.966205
40.784146 -73.959145
40.784232 -73.959081
40.784457 -73.959274
40.783612 -73.958480
40.784085 -73.959119
40.796495 -73.952021
40.796291 -73.955068
40.796941 -73.953518
40.796560 -73.953008
40.797246 -73.951678
40.795283 -73.952128
40.794257 -73.951951
40.796167 -73.954514
40.797300 -73.951292
40.793479 -73.953026
40.793887 -73.952815
40.794543 -73.951334
40.792474 -73.951828
40.793091 -73.951367
40.771647 -73.983114
40.724429 -74.000988
40.818727 -73.926856
40.757912 -74.002318
40.757952 -74.002339
40.724282 -73.978983
40.681112 -73.975675
40.829514 -73.926256
40.757863 -74.002586
40.828242 -73.925843
40.679799 -73.974696
40.828531 -73.927345
40.751062 -73.993954
40.826372 -73.922897
40.751012 -73.990634
40.792377 -73.952622
40.796808 -73.949263
40.800495 -73.958159
40.797225 -73.958244
40.796889 -73.959886
40.794961 -73.956788
40.793277 -73.955562
40.795192 -73.955785
40.793475 -73.951951
40.693677 -74.176579
40.696717 -74.182176
40.698189 -74.186758
40.731607 -73.994546
40.755831 -73.973017
40.733999 -73.990642
40.755742 -73.967546
40.774200 -73.959435
40.725368 -73.999591
40.745826 -73.988274
40.759358 -73.982663
40.767478 -73.990687
40.755750 -73.970877
40.702691 -73.981175
40.676626 -74.013497
40.684440 -73.991950
40.768947 -73.983017
40.719742 -74.005501
40.702488 -73.987104
40.717932 -74.007138
40.716858 -74.007350
40.716533 -74.008208
40.717102 -74.007991
40.715520 -74.009017
40.867268 -73.882083
40.722038 -74.004228
40.686541 -73.994020
40.755957 -73.980150
40.720241 -74.004904
40.749881 -73.977409
40.751029 -73.976179
40.721395 -74.004632
40.725226 -73.992501
40.751431 -73.993606
40.742577 -73.992065
40.712367 -74.008185
40.733232 -74.006260
40.713451 -74.009206
40.699706 -73.808523
40.740539 -74.005750
40.640107 -73.786411
40.712801 -74.013326
40.747751 -73.985130
40.738195 -73.983136
40.779573 -73.955441
40.747019 -73.993539
40.606861 -73.818738
40.734240 -74.002875
40.726806 -73.983778
40.718444 -74.003777
40.771981 -73.979206
40.712817 -74.005976
40.719765 -74.006426
40.648555 -73.783842
40.748240 -73.992748
40.739232 -73.994567
40.764706 -73.970035
40.703357 -74.013322
40.717986 -73.957595
40.682373 -73.993469
40.675676 -74.000473
40.742480 -74.007167
40.742436 -74.003798
40.762384 -73.985763
40.758115 -73.986611
40.784286 -73.957868
40.785448 -73.957107
40.785326 -73.956989
40.738327 -73.987325
40.779038 -73.954886
40.779585 -73.955887
40.758438 -73.972110
40.722823 -73.985420
40.763035 -73.985323
40.757403 -73.975186
40.677792 -73.968980
40.719005 -74.004968
40.757587 -73.972452
40.711491 -74.007543
40.675385 -73.981074
40.751200 -73.991684
40.759542 -73.976062
40.680806 -73.994513
40.724744 -74.002281
40.774204 -73.981268
40.737383 -73.996523
40.761252 -73.978049
40.761796 -73.980051
40.761960 -73.978817
40.761731 -73.979272
40.757414 -73.985705
40.682380 -73.993469
40.677474 -73.998164
40.734313 -73.992645
40.759529 -73.973028
40.723486 -73.999872
40.720371 -73.993426
40.727187 -73.984458
40.758965 -73.978607
40.752605 -73.974637
40.727165 -74.006161
40.726115 -73.983480
40.753271 -73.983038
40.725835 -73.994242
40.725356 -73.992329
40.681565 -73.993792
40.758139 -73.977223
40.722294 -73.998395
40.724467 -73.997812
40.723534 -73.998026
40.722848 -73.998138
40.759252 -73.985624
40.723065 -73.997921
40.722567 -73.997973
40.758804 -73.985171
40.757164 -73.986278
40.728966 -73.987147
40.759316 -73.984377
40.768254 -73.984779
40.732273 -74.003326
40.774379 -73.963975
40.720393 -74.000049
40.724440 -73.992425
40.765292 -73.968425
40.768761 -73.984480
40.789143 -73.975568
40.757025 -73.989268
40.763879 -73.982710
40.705380 -74.008690
40.672972 -73.982961
40.711542 -74.008217
40.725390 -73.983891
40.731844 -74.003359
40.733803 -74.002135
40.733865 -74.006351
40.730494 -74.007081
40.752062 -73.985944
40.748354 -73.984744
40.767623 -73.972127
40.774361 -73.959381
40.704671 -74.009768
40.716340 -73.988487
40.748443 -73.985044
40.619484 -74.248743
40.740115 -74.363783
40.688716 -74.307120
40.761369 -73.963770
40.772835 -73.940185
40.760566 -73.989488
40.728308 -73.985351
40.729693 -74.004147
40.723265 -73.989872
40.798976 -73.968576
40.726991 -73.985396
40.762110 -73.965950
40.760505 -73.966705
40.718168 -74.000005
40.776479 -74.009881
40.760423 -74.003348
40.905037 -74.029838
40.721929 -73.996245
40.740924 -74.008047
40.761670 -73.965907
40.809645 -73.950201
40.760059 -73.987110
40.768971 -73.984382
40.728445 -74.001972
40.733654 -74.003054
40.780819 -73.981126
40.770494 -73.987568
40.770425 -73.990460
40.736796 -73.986785
40.596533 -73.510668
40.716979 -74.324391
40.744265 -74.006732
40.979323 -74.116963
40.734503 -74.002323
40.731457 -74.000271
40.745575 -73.948193
40.746265 -73.945573
40.751532 -73.993982
40.746994 -73.991694
40.747844 -73.986743
40.726897 -74.037923
40.754653 -73.969026
40.726832 -74.034113
40.757981 -73.969061
40.718076 -74.043827
40.690807 -74.176576
40.741010 -74.005378
40.728319 -73.981804
40.761601 -74.074974
40.767450 -73.988553
40.740404 -74.007597
40.761820 -73.973837
40.741365 -74.005164
40.757624 -73.986856
40.727773 -73.985715
40.719452 -73.958233
40.719578 -73.987206
40.747476 -73.997782
40.743202 -73.991581
40.756879 -73.954553
40.762641 -74.009184
40.757212 -73.995039
40.756920 -73.989143
40.753982 -73.977026
40.753696 -73.977381
40.741653 -73.997650
40.745400 -73.977136
40.726348 -73.981826
40.760556 -73.975118
40.703286 -73.990641
40.754493 -73.981853
40.772043 -73.975067
40.768524 -73.970614
40.756070 -73.987089
40.768335 -73.973688
40.705434 -74.000685
40.707950 -74.008816
40.703639 -74.016102
40.761452 -73.993300
40.718169 -73.947374
40.766395 -73.962667
40.727570 -73.993199
40.715584 -73.951516
40.765238 -73.972682
40.765205 -73.972766
40.767882 -73.971196
40.766641 -73.971436
40.767896 -73.996603
40.665183 -73.989589
40.717935 -73.991509
40.721184 -73.992891
40.764179 -73.973385
40.764266 -73.973983
40.762373 -73.974963
40.763964 -73.973090
40.719209 -73.961715
40.724047 -73.996428
40.710394 -73.963368
40.765304 -73.987526
40.762820 -73.973940
40.762557 -73.973828
40.719414 -73.986584
40.719587 -73.986868
40.719822 -73.987405
40.722266 -73.987394
40.738217 -74.001953
40.711189 -73.948437
40.763011 -73.966781
40.764689 -73.966376
40.762252 -73.966386
40.761900 -73.96472
40.762527 -73.967921
40.721811 -73.957584
40.719824 -73.987294
40.769791 -73.970024
40.743111 -74.005730
40.759019 -73.978065
40.772956 -73.976182
40.758934 -73.977169
40.768411 -73.982781
40.767935 -73.981273
40.768321 -73.982641
40.767464 -73.981933
40.729861 -73.957565
40.759164 -73.978705
40.772919 -73.955609
40.769147 -73.981096
40.768224 -73.981676
40.768956 -73.982402
40.769170 -73.98161
40.767915 -73.981128
40.807312 -73.962514
40.714800 -73.944067
40.702065 -73.989593
40.702492 -73.993898
40.712977 -73.957458
40.573286 -73.979531
40.726994 -73.984497
40.722237 -73.986545
40.773289 -73.964209
40.727244 -73.984875
40.807966 -73.963195
40.763893 -73.973071
40.690344 -74.046220
40.690462 -74.045619
40.690408 -74.046413
40.747423 -73.985386
40.747517 -73.986772
40.744225 -73.987469
40.755344 -73.979871
40.750780 -73.981629
40.757400 -73.977245
40.758511 -73.979081
40.753490 -73.980946
40.758516 -73.979072
40.689912 -74.045147
40.757460 -73.978733
40.757440 -73.954049
40.914893 -74.059370
40.721515 -73.999620
40.767769 -73.965875
40.743085 -73.614905
40.783962 -73.979880
40.782649 -73.980740
40.776812 -73.976118
40.773489 -73.982244
40.738087 -73.612904
40.786189 -73.951604
40.774064 -73.964093
40.772498 -73.964638
40.772734 -73.964803
40.762865 -73.987572
40.763165 -73.988731
40.763254 -73.989038
40.763658 -73.989442
40.763313 -73.986017
40.824594 -74.135954
40.716289 -74.033045
40.738772 -73.614706
40.736518 -73.612904
40.746211 -73.898996
40.764012 -73.988343
40.764343 -73.988304
40.764336 -73.988309
40.763673 -73.988271
40.764426 -73.989182
40.734673 -73.991012
40.672358 -73.957938
40.702429 -73.987643
40.704957 -73.933721
40.717831 -73.961137
40.707006 -73.954339
40.717152 -73.956157
40.768296 -73.985405
40.733128 -73.992458
40.768597 -73.982985
40.710632 -74.011225
40.709637 -73.830893
40.763007 -73.981890
40.768549 -73.985196
40.768094 -73.983507
40.758705 -73.986405
40.762216 -74.001717
40.763113 -74.002575
40.785786 -73.984711
40.746634 -73.993100
40.734207 -74.002960
40.710489 -73.965409
40.713656 -73.958550
40.689042 -73.955224
40.758229 -73.989883
40.758224 -73.991272
40.757895 -73.989604
40.759139 -73.994127
40.759330 -73.995407
40.689609 -73.969567
40.575389 -73.981300
40.575157 -73.977684
40.714900 -73.958736
40.713004 -73.966645
40.755917 -73.923529
40.751198 -73.991535
40.800751 -73.828983
40.703017 -73.986726
40.702517 -73.992986
40.757800 -73.984544
40.750199 -73.991782
40.771783 -73.983660
40.772660 -73.984057
40.813581 -74.074437
40.812209 -74.076980
40.815249 -74.074072
40.772278 -73.983414
40.747154 -74.004418
40.711567 -73.964757
40.740882 -74.005017
40.753684 -73.992515
40.720317 -73.984824
40.547232 -74.339343
40.739476 -74.006193
40.714199 -73.956130
40.693710 -73.964370
40.738429 -73.991354
40.749591 -73.991980
40.737180 -73.988594
40.749678 -73.991481
40.722225 -73.993048
40.685066 -73.991578
40.705397 -74.011057
40.722650 -73.988078
40.752206 -73.993456
40.752344 -73.994115
40.759626 -73.985720
40.750267 -73.994422
40.733112 -74.002908
40.777738 -73.957017
40.773762 -73.960429
40.780257 -73.955223
40.774162 -73.963655
40.786703 -73.972223
40.759251 -73.978308
40.545177 -74.335948
40.734079 -73.999067
40.781577 -73.954373
40.783304 -73.952624
40.782110 -73.953885
40.741909 -73.988205
40.720412 -73.959926
40.732039 -73.996229
40.737444 -74.008574
40.695949 -74.177569
40.756854 -73.982283
40.711460 -73.947114
40.729754 -73.989808
40.769225 -73.992978
40.722341 -73.955055
40.758663 -73.982201
40.678503 -73.968486
40.719761 -74.004178
40.639920 -73.967384
40.712931 -73.957332
40.763053 -73.976503
40.725941 -73.997275
40.750573 -73.993381
40.754942 -73.974306
40.734331 -73.998852
40.733437 -73.999448
40.773661 -73.957740
40.729165 -73.981522
40.733925 -74.000333
40.733649 -74.002193
40.759758 -73.991569
40.759292 -73.991973
40.779277 -73.954881
40.733762 -74.002468
40.733408 -74.002768
40.760186 -73.991106
40.759578 -73.991621
40.75711 -73.989176
40.750363 -73.973526
40.754258 -73.992257
40.754794 -73.977372
40.752848 -73.989762
40.751207 -73.991675
40.752451 -73.990188
40.759368 -73.992111
40.726311 -73.989938
40.703306 -73.990536
40.747026 -73.985823
40.759017 -73.978800
40.726795 -74.000140
40.759325 -73.992404
40.718666 -73.957424
40.760512 -73.994797
40.749158 -73.981440
40.703173 -73.991080
40.751626 -73.990687
40.760722 -73.960988
40.759573 -73.961639
40.760426 -73.961395
40.760595 -73.961093
40.753084 -73.989766
40.725521 -74.000248
40.735112 -74.029033
40.764898 -73.983025
40.763032 -73.979008
40.764331 -73.983532
40.760680 -73.986705
40.760715 -73.975818
40.673735 -73.991719
40.726671 -73.992353
40.764183 -73.988416
40.761653 -73.967413
40.764187 -73.988450
40.756813 -73.969768
40.764894 -73.982908
40.764599 -73.982548
40.749163 -73.990188
40.751855 -73.992589
40.757229 -73.990784
40.760364 -73.977489
40.771376 -73.983032
40.745312 -73.992459
40.744822 -73.998889
40.747870 -74.003952
40.740882 -74.006609
40.853812 -73.877778
40.744214 -73.995567
40.786054 -73.976219
40.747546 -74.004408
40.571992 -73.982500
40.715693 -74.010698
40.723250 -73.995053
40.727262 -73.984861
40.723606 -73.988273
40.721188 -73.994469
40.702618 -73.990838
40.561107 -74.301095
40.554600 -74.277139
40.702592 -73.988751
40.762335 -73.981657
40.754506 -73.987879
40.808761 -73.944990
40.690910 -73.991656
40.545840 -74.330953
40.766986 -73.986398
40.719209 -74.043426
40.721738 -73.999937
40.721576 -74.000150
40.424507 -74.382999
40.631722 -73.946439
40.764401 -73.980899
40.751334 -73.980078
40.731417 -74.067678
40.731153 -73.993456
40.733179 -74.002822
40.726791 -74.034308
40.716631 -74.048570
40.731551 -73.988735
40.755162 -73.973595
40.754319 -73.972846
40.718344 -73.959878
40.753409 -73.969928
40.764882 -73.977016
40.750849 -73.845516
40.726419 -73.989701
40.728162 -73.991314
40.704399 -74.190716
40.758623 -73.985254
40.703535 -74.190439
40.723931 -73.950798
40.728499 -73.948522
40.725920 -73.951759
40.756216 -73.981727
40.747503 -73.978694
40.722290 -73.949822
40.794359 -73.972020
40.749573 -73.993155
40.748305 -73.985162
40.764798 -73.982369
40.765493 -73.983392
40.749511 -73.992303
40.765281 -73.983947
40.764536 -73.982327
40.695076 -74.173519
40.765511 -73.983646
40.721213 -73.940630
40.764515 -73.982249
40.764519 -73.984663
40.764668 -73.982175
40.765613 -73.983334
40.764695 -73.982207
40.730616 -74.000073
40.729958 -73.999561
40.861472 -73.890545
40.747101 -73.981750
40.735614 -73.991864
40.764297 -73.982200
40.764152 -73.988441
40.776540 -73.955514
40.760332 -73.965363
40.761867 -73.964665
40.764068 -73.988254
40.764592 -73.988084
40.764738 -73.987621
40.764531 -73.985694
40.764075 -73.986448
40.764269 -73.986508
40.763494 -73.986696
40.763649 -73.986535
40.724478 -74.001791
40.775496 -73.871061
40.745571 -73.984661
40.752714 -73.993638
40.646759 -73.788985
40.643005 -73.782248
40.778017 -73.955131
40.761439 -73.966902
40.781596 -73.953264
40.727266 -73.999743
40.763692 -73.971953
40.764137 -73.971550
40.733185 -73.998692
40.761458 -73.968389
40.782937 -73.952761
40.734443 -73.999566
40.734241 -74.001416
40.805436 -73.965411
40.786171 -73.985592
40.733413 -74.000784
40.755787 -73.983195
40.730261 -74.000332
40.757546 -73.984572
40.800178 -73.968023
40.760015 -73.968088
40.800778 -73.968128
40.728320 -73.984731
40.747125 -74.000660
40.759666 -73.991589
40.759513 -73.991568
40.759699 -73.991549
40.759907 -73.991734
40.730208 -74.000405
40.707875 -74.007775
40.709442 -74.010590
40.752934 -73.988864
40.753663 -73.992496
40.763868 -73.988285
40.765331 -73.951828
40.752255 -73.991284
40.753394 -73.992612
40.753832 -73.992555
40.752400 -73.992791
40.768256 -73.860483
40.755102 -73.972703
40.756148 -73.985109
40.730464 -74.002195
40.755815 -73.983500
40.722032 -73.987532
40.756555 -73.983752
40.730972 -74.002654
40.719294 -74.002614
40.730637 -74.000244
40.729560 -74.000950
40.741228 -73.990059
40.741918 -73.990299
40.778753 -73.954335
40.670730 -73.984787
40.760565 -73.987698
40.760464 -73.987179
40.725192 -73.996711
40.749048 -74.003866
40.740659 -73.990181
40.724660 -73.995811
40.759439 -73.974408
40.760152 -73.978882
40.762728 -73.978892
40.761401 -73.977574
40.755595 -73.848381
40.704489 -73.990151
40.758794 -73.983074
40.741257 -73.948267
40.769563 -73.864654
40.744302 -73.987968
40.748671 -73.988322
40.721192 -73.995078
40.721659 -73.995269
40.721585 -73.995415
40.741741 -73.993391
40.758440 -73.997973
40.751394 -73.993174
40.703037 -73.987229
40.763181 -73.989546
40.759879 -73.990927
40.751774 -73.979807
40.775909 -73.874765
40.714571 -73.957113
40.759529 -73.991351
40.703297 -73.989797
40.703101 -73.991496
40.714037 -73.989851
40.759291 -73.991699
40.759426 -73.991136
40.753637 -73.980528
40.764440 -73.999924
40.719016 -74.001975
40.715972 -74.010903
40.755622 -73.991591
40.756221 -73.994722
40.757235 -73.989372
40.757117 -73.989195
40.732445 -74.003635
40.744294 -73.990398
40.680773 -74.004443
40.733399 -74.002489
40.723208 -74.002704
40.757806 -73.989164
40.752705 -73.980223
40.756365 -73.991826
40.568652 -74.291513
40.761152 -73.981693
40.727488 -74.000383
40.756278 -73.987748
40.755451 -73.973922
40.729608 -73.996320
40.733521 -73.993026
40.805510 -73.938782
40.786497 -73.937941
40.763779 -73.970393
40.760870 -73.980045
40.763135 -73.985824
40.724795 -73.994765
40.731140 -73.985977
40.726993 -73.991847
40.762891 -73.977131
40.731608 -73.985602
40.757372 -73.983591
40.731961 -73.985335
40.752119 -73.977374
40.742039 -73.993310
40.762332 -73.979895
40.731509 -74.000594
40.708085 -74.014228
40.548865 -74.334431
40.762592 -73.973361
40.708263 -74.054514
40.756835 -73.985055
40.757099 -73.989068
40.714346 -74.001481
40.757234 -73.993705
40.760447 -73.979938
40.714935 -73.999814
40.735848 -73.990319
40.556118 -74.311137
40.412364 -74.145880
40.744090 -74.007009
40.388282 -74.098438
40.913965 -74.058935
40.738345 -73.987936
40.417526 -74.035834
40.410732 -74.143669
40.721491 -73.992601
40.721693 -73.988490
40.735995 -74.151244
40.723189 -73.982166
40.556558 -74.298949
40.733340 -74.170954
40.734276 -74.166464
40.642626 -74.074026
40.754691 -73.988140
40.747663 -73.986324
40.729982 -74.000651
40.724069 -73.996135
40.758029 -73.988164
40.761121 -73.985081
40.755800 -73.987385
40.748268 -73.988026
40.726055 -73.998670
40.729299 -73.988960
40.728510 -73.987137
40.751659 -73.975582
40.752023 -73.977743
40.760988 -73.983461
40.862792 -73.889839
40.713142 -74.007157
40.748756 -73.994612
40.743261 -73.991489
40.827612 -73.926062
40.742457 -73.983748
40.737542 -73.984085
40.556836 -74.263742
40.742408 -73.984916
40.732962 -73.990141
40.736514 -73.986875
40.738075 -73.989213
40.743338 -73.989314
40.734182 -74.002838
40.763096 -73.981118
40.713530 -73.961835
40.739833 -73.989346
40.734392 -73.990076
40.731746 -73.988099
40.741437 -73.984244
40.740851 -73.995347
40.826084 -73.956490
40.774724 -73.530818
40.720988 -73.987928
40.733510 -73.988124
40.722229 -73.988858
40.726020 -73.996208
40.714954 -73.989965
40.729974 -73.997619
40.656986 -74.053689
40.729045 -74.000949
40.787239 -73.954192
40.744402 -73.987949
40.723191 -73.988917
40.752442 -73.994507
40.729429 -73.997136
40.744994 -73.977561
40.736997 -73.993140
40.726395 -73.991733
40.758168 -73.845557
40.785266 -73.973098
40.730304 -73.980487
40.757511 -73.846175
40.755211 -73.983907
40.704456 -74.010104
40.540025 -74.299947
40.761690 -73.970217
40.730429 -74.002431
40.735727 -74.006803
40.769011 -73.991003
40.722719 -73.995277
40.768695 -73.983263
40.700934 -74.013873
40.767730 -73.899425
40.661759 -73.824520
40.784767 -73.956074
40.763631 -73.996520
40.770255 -73.984080
40.760939 -73.968694
40.767255 -73.984381
40.760932 -73.969464
40.758712 -73.978575
40.768316 -73.985483
40.733955 -73.987778
40.769378 -73.982200
40.805625 -74.208348
40.733868 -73.999207
40.717503 -74.010603
40.842555 -73.933696
40.758856 -73.978343
40.685525 -74.002139
40.764007 -73.976951
40.690724 -73.986915
40.744728 -73.987610
40.737944 -73.989567
40.777933 -73.978205
40.712402 -74.006760
40.710461 -74.004206
40.714269 -74.005972
40.711677 -74.006372
40.766075 -73.981269
40.712391 -74.008085
40.756207 -73.970490
40.722738 -73.986589
40.805656 -73.940412
40.804094 -73.943578
40.804308 -73.944103
40.645301 -73.776884
40.716715 -74.008167
40.826967 -73.926272
40.827589 -73.931040
40.642448 -73.789604
40.731834 -73.983889
40.703780 -74.011207
40.733146 -73.999725
40.724922 -73.992471
40.731454 -74.044861
40.728527 -74.029054
40.812189 -74.215278
40.812465 -74.216463
40.732202 -74.000671
40.757790 -73.966548
40.667269 -73.794047
40.742778 -73.982819
40.745104 -73.997983
40.756286 -73.989797
40.764159 -73.966728
40.757097 -73.959911
40.762058 -73.959892
40.690560 -73.974704
40.756014 -73.979482
40.917525 -74.074866
40.774412 -73.872587
40.749773 -73.992165
40.813206 -74.216348
40.75 -73.997
40.750196 -73.991952
40.706880 -74.012462
40.707992 -74.012283
40.706799 -74.009357
40.730886 -73.985661
40.765243 -73.980643
40.768717 -73.981970
40.717205 -74.043764
40.739792 -74.030031
40.748258 -73.987747
40.769784 -73.964812
40.729584 -73.980695
40.734170 -73.988736
40.714079 -73.950921
40.711860 -73.951624
40.744107 -73.991380
40.763917 -73.972213
40.762674 -73.974391
40.735754 -74.029054
40.726754 -74.034687
40.749110 -73.988360
40.736668 -74.030139
40.893675 -73.974257
40.645610 -73.777914
40.645726 -73.778853
40.736834 -73.997118
40.769314 -73.867770
40.758480 -73.987052
40.760336 -73.983599
40.716684 -74.032957
40.715948 -74.036028
40.715377 -73.997776
40.764483 -73.980903
40.702694 -73.996671
40.574578 -73.984433
40.703287 -73.995185
40.756403 -73.993069
40.726132 -73.989462
40.729299 -74.009581
40.729153 -73.996599
40.717464 -73.984714
40.735598 -73.991112
40.731066 -74.001274
40.774855 -73.984095
40.715949 -74.011013
40.760868 -73.973304
40.774942 -73.980789
40.641076 -73.789231
40.719883 -73.988081
40.710121 -74.009201
40.753490 -73.974208
40.729746 -73.988853
40.728315 -73.982212
40.756937 -73.988959
40.761771 -74.001071
40.776138 -73.910715
40.707449 -74.018239
40.742201 -73.987995
40.761599 -73.990200
40.722923 -73.994219
40.770896 -73.866733
40.715318 -74.009402
40.726867 -73.999588
40.721077 -73.961976
40.761707 -73.973908
40.765281 -73.983947
40.763172 -73.985575
40.735064 -73.997607
40.731990 -74.003543
40.737063 -73.996943
40.758626 -73.986978
40.757957 -73.985549
40.689851 -74.047229
40.762530 -73.978850
40.916524 -74.060572
40.966104 -74.074836
40.758619 -73.988896
40.751930 -73.975903
40.752352 -73.979515
40.751816 -73.977609
40.748460 -73.977823
40.751301 -73.979694
40.769205 -73.982173
40.760268 -73.984948
40.727260 -73.982663
40.725494 -73.984899
40.745741 -74.005271
40.594961 -73.981744
40.760479 -73.984694
40.752410 -74.009785
40.718005 -73.989682
40.714874 -73.998262
40.715509 -73.998199
40.756108 -73.980734
40.789495 -73.975777
40.754822 -73.986956
40.710627 -73.965725
40.738245 -74.003594
40.731051 -74.002959
40.797347 -73.969850
40.786685 -73.953792
40.735479 -73.994668
40.736354 -73.995789
40.735663 -74.001460
40.738167 -74.004019
40.667314 -73.987829
40.737407 -73.991003
40.738381 -73.988052
40.721722 -73.99689
40.744690 -73.973143
40.769349 -73.995797
40.736453 -73.997572
40.721870 -73.993479
40.712121 -74.017927
40.714756 -74.011699
40.736722 -74.001176
40.770951 -73.983109
40.745037 -73.979347
40.708602 -74.011533
40.758801 -73.978065
40.679709 -73.977969
40.752334 -73.976936
40.720761 -73.988002
40.764968 -73.919291
40.642621 -73.786875
40.723991 -73.996069
40.639618 -73.967596
40.724071 -73.997704
40.719501 -73.961714
40.718570 -73.956289
40.725120 -73.984379
40.746327 -73.993585
40.731829 -74.001116
40.734478 -73.991782
40.577158 -73.980822
40.573893 -73.975520
40.776171 -73.962195
40.773887 -73.982169
40.741741 -73.981299
40.547493 -74.335856
40.716513 -74.357924
40.845485 -73.928568
40.791038 -73.947265
40.741592 -74.363690
40.798497 -73.952685
40.738641 -73.982919
40.761272 -73.974037
40.779347 -73.955198
40.758307 -73.985187
40.789058 -73.954078
40.560121 -74.264483
40.751792 -73.973908
40.745576 -73.982382
40.743287 -73.977026
40.725846 -73.990556
40.737402 -73.991222
40.671101 -73.984519
40.750220 -73.988191
40.744550 -73.988507
40.724099 -73.998775
40.723567 -73.996587
40.754157 -73.991467
40.758934 -73.968458
40.746648 -73.993177
40.736009 -74.001582
40.772639 -73.968788
40.717603 -73.958337
40.728317 -73.988945
40.728106 -73.988457
40.696907 -73.997477
40.697305 -73.992997
40.709194 -74.016909
40.761293 -73.976857
40.767790 -73.865215
40.722148 -73.949821
40.769010 -73.866992
40.677845 -73.979538
40.748153 -74.007759
40.705055 -74.009613
40.721142 -73.983905
40.736203 -73.988194
40.779446 -73.977517
40.755799 -73.989990
40.676523 -73.980286
40.741404 -73.989250
40.722668 -73.982981
40.764640 -73.970861
40.721686 -74.001157
40.738373 -73.992507
40.684445 -73.977454
40.726175 -73.995608
40.726250 -73.995591
40.741410 -73.593676
40.725253 -73.983772
40.726053 -73.983110
40.765280 -73.987515
40.685479 -73.994087
40.745428 -73.593860
40.685547 -73.981123
40.685775 -73.988231
40.680988 -73.994135
40.690048 -73.996657
40.601038 -73.502397
40.714216 -73.830828
40.763137 -73.982865
40.725909 -73.994800
40.749963 -73.985769
40.749284 -73.984342
40.667288 -73.972627
40.692190 -74.001738
40.706154 -74.011131
40.747378 -73.988717
40.740534 -74.005998
40.634994 -74.195394
40.729927 -73.912086
40.745829 -73.901352
40.724795 -73.998777
40.768940 -73.861370
40.788585 -73.948929
40.762077 -73.984272
40.750775 -73.940569
40.737821 -74.004586
40.726955 -73.982443
40.725316 -73.983310
40.778794 -73.982073
40.741988 -73.993907
40.756884 -73.989688
40.793790 -73.967127
40.766746 -73.953750
40.758687 -73.986237
40.667205 -73.972783
40.667623 -73.979110
40.775991 -73.874731
40.741010 -74.005378
40.741033 -74.006011
40.762712 -73.976725
40.693174 -73.990613
40.770394 -73.960204
40.774845 -73.958756
40.770006 -73.960393
40.728340 -73.999239
40.735052 -73.984802
40.729771 -73.999700
40.736883 -73.986871
40.740645 -73.998123
40.737913 -73.987850
40.729925 -73.992737
40.746143 -74.168561
40.729372 -73.990463
40.727886 -73.988138
40.719867 -74.008519
40.722778 -73.590556
40.822461 -74.029724
40.645844 -73.783580
40.676210 -73.984045
40.714581 -73.991048
40.761402 -73.986935
40.828640 -74.140436
40.742078 -73.997475
40.722760 -73.988180
40.721887 -73.985130
40.724732 -73.992836
40.761880 -73.990121
40.745490 -74.008141
40.734502 -73.990366
40.741019 -73.994169
40.684387 -73.995102
40.685403 -73.994501
40.612909 -74.289636
40.760824 -73.984029
40.756465 -73.988821
40.759437 -73.984161
40.759288 -73.985108
40.629592 -74.251854
40.684041 -73.977181
40.772323 -73.956129
40.771454 -73.956098
40.737766 -73.988542
40.737933 -73.985924
40.744357 -73.986365
40.721724 -74.005632
40.769981 -73.969183
40.749518 -73.982809
40.791996 -73.973075
40.730829 -74.000926
40.760727 -73.989883
40.762137 -73.979012
40.741710 -73.990302
40.734663 -73.998312
40.745146 -73.994729
40.737246 -74.005446
40.769733 -73.954391
40.725716 -73.996277
40.724897 -73.995557
40.709439 -74.011324
40.765063 -73.972599
40.721801 -73.993384
40.758042 -73.970249
40.685852 -73.977346
40.705035 -74.010967
40.707311 -74.007232
40.749996 -73.990709
40.722134 -74.003507
40.751506 -73.992853
40.702782 -74.005414
40.740920 -74.005223
40.760360 -73.986934
40.712117 -74.015773
40.716129 -74.015677
40.719639 -73.987201
40.741152 -74.005987
40.759252 -73.984827
40.715688 -73.989930
40.772596 -73.966995
40.685754 -73.981841
40.755928 -73.970954
40.756574 -73.988253
40.758895 -73.981115
40.747525 -73.849193
40.704580 -74.015349
40.701631 -74.014956
40.736376 -73.992069
40.725356 -73.978189
40.739030 -73.988759
40.755180 -73.998458
40.694671 -74.173995
40.649159 -73.782894
40.649947 -73.782053
40.744439 -73.987544
40.747706 -73.989337
40.749610 -73.977601
40.746325 -73.986546
40.725399 -74.002900
40.759464 -73.972642
40.762147 -73.974349
40.760223 -73.973297
40.741173 -74.002260
40.696587 -74.176318
40.698607 -74.174431
40.703755 -74.185562
40.645905 -73.776435
40.696413 -74.17746
40.645480 -73.776283
40.739375 -73.786861
40.738652 -73.612900
40.762755 -73.987609
40.604833 -74.055385
40.740300 -73.615356
40.712848 -73.966437
40.713935 -73.944239
40.725385 -73.997615
40.763881 -73.954219
40.767935 -73.960307
40.764023 -73.998235
40.749505 -73.990268
40.750138 -73.988736
40.722816 -74.001384
40.741022 -74.005555
40.776475 -73.956650
40.784539 -73.977316
40.778745 -73.954067
40.785545 -74.045931
40.736935 -74.030710
40.737261 -74.025973
40.733538 -73.993520
40.787194 -74.046370
40.740693 -74.006960
40.703669 -73.987136
40.718704 -73.956775
40.773321 -73.971118
40.704179 -74.011342
40.760604 -73.972697
40.687076 -74.181437
40.725726 -74.002986
40.721295 -73.996621
40.776011 -73.943178
40.749019 -73.970026
40.723119 -73.994706
40.723892 -73.997039
40.758868 -73.978625
40.744834 -73.953238
40.766196 -73.986947
40.752529 -73.973259
40.750309 -73.974253
40.750280 -73.983332
40.744431 -73.953322
40.751572 -73.973683
40.770440 -73.986606
40.764676 -73.976244
40.686200 -73.990951
40.762471 -73.974541
40.687279 -73.990096
40.593412 -74.000003
40.608053 -73.920430
40.754458 -73.973758
40.761934 -73.979294
40.722191 -74.003235
40.645427 -73.785306
40.587371 -73.953992
40.759374 -73.985860
40.759514 -73.967706
40.761110 -73.973568
40.755535 -73.971893
40.466342 -74.288952
40.509333 -74.273843
40.484572 -74.280916
40.483682 -74.279690
40.556566 -74.277856
40.702878 -74.050608
40.759577 -73.981328
40.743823 -74.179538
40.743942 -74.179330
40.762203 -73.981978
40.762479 -73.979701
40.762892 -73.980860
40.753198 -73.996685
40.726884 -73.983306
40.722107 -73.988862
40.582470 -74.165919
40.702496 -74.011724
40.704500 -74.009128
40.702447 -74.012818
40.761057 -73.985538
40.756579 -73.988263
40.758531 -73.985067
40.755764 -73.968405
40.746931 -73.994572
40.722329 -74.002870
40.640302 -73.786969
40.717040 -74.286037
40.713859 -73.943068
40.739485 -73.982577
40.661164 -73.829134
40.719392 -73.990111
40.792654 -73.934102
40.768532 -73.982888
40.717353 -73.944980
40.715598 -73.944404
40.722157 -73.988889
40.749313 -73.984143
40.749563 -73.973843
40.757595 -73.984347
40.718162 -73.989762
40.712608 -73.956826
40.889393 -74.257641
40.722769 -73.995976
40.717736 -73.989796
40.736925 -74.027091
40.742425 -73.977632
40.734887 -74.001819
40.756071 -73.990350
40.726425 -73.984197
40.677044 -73.469358
40.673046 -73.509101
40.747974 -74.172678
40.786685 -73.953792
40.767159 -73.528543
40.722319 -74.000851
40.726998 -74.003096
40.748809 -73.978008
40.717333 -74.005902
40.761936 -73.983497
40.729411 -73.988113
40.729738 -73.988767
40.758722 -73.987103
40.758549 -73.986881
40.749265 -73.987235
40.747567 -73.986424
40.732909 -73.987603
40.729584 -73.986439
40.718699 -73.999473
40.738326 -73.985595
40.689698 -73.969207
40.575370 -73.979499
40.731297 -73.991967
40.716914 -73.999731
40.747509 -73.989664
40.735384 -74.000540
40.887659 -74.259821
40.713534 -73.961900
40.725016 -73.998367
40.725324 -74.004298
40.825748 -74.139773
40.783344 -73.978726
40.720933 -73.994889
40.749987 -74.027177
40.729649 -73.998938
40.726845 -73.991640
40.714675 -73.942671
40.717896 -73.992055
40.712574 -73.949134
40.756668 -73.990473
40.756100 -73.982577
40.760641 -73.979650
40.753262 -73.984065
40.646180 -73.776811
40.749898 -73.990216
40.733031 -74.007071
40.713551 -73.952296
40.717602 -73.958984
40.999884 -73.663212
40.775106 -73.953775
40.965454 -73.675035
40.715622 -74.010941
40.764211 -73.988384
40.711310 -73.961591
40.745094 -73.994284
40.773765 -73.982942
40.765442 -73.987219
40.761212 -73.987189
40.687318 -73.990070
40.794358 -73.974725
40.794404 -73.972022
40.730338 -73.986673
40.648899 -73.792569
40.742379 -73.966398
40.726533 -73.991804
40.745286 -73.979133
40.731175 -73.989777
40.723042 -73.989036
40.735177 -73.998670
40.687197 -73.975858
40.752607 -73.975240
40.873188 -73.907507
40.750348 -73.975758
40.725694 -74.010596
40.728882 -74.012688
40.725273 -74.011617
40.806858 -73.963973
40.804488 -73.966824
40.808831 -73.961393
40.808043 -73.961988
40.809420 -73.960207
40.759553 -73.830131
40.738534 -73.999722
40.806813 -73.961795
40.746309 -73.992599
40.747366 -73.993066
40.974041 -74.288967
40.806901 -73.960877
40.748513 -73.992467
40.807826 -73.962171
40.722816 -73.999274
40.722518 -73.985853
40.748451 -73.991314
40.749553 -73.991930
40.739932 -74.005827
40.744525 -73.998391
40.731894 -74.001212
40.732369 -74.001745
40.731703 -74.000977
40.730683 -73.998722
40.730334 -73.998629
40.762114 -73.985767
40.763119 -73.982777
40.728852 -73.996256
40.7296 -73.997265
40.683970 -73.432805
40.751884 -73.994489
40.759834 -73.988182
40.761583 -73.988251
40.718006 -73.989700
40.724805 -73.998547
40.910326 -73.810229
40.751626 -73.993571
40.721192 -73.986858
40.742489 -73.989906
40.734352 -73.993135
40.728741 -73.981945
40.712872 -73.958725
40.731791 -73.990028
40.864812 -73.931917
40.812844 -73.963209
40.850112 -73.946828
40.802536 -73.958898
40.907416 -74.031954
40.829614 -74.139185
40.910514 -73.780769
40.732218 -73.984330
40.762918 -73.984686
40.762032 -73.983465
40.750334 -73.991799
40.645618 -73.779619
40.733149 -73.986348
40.735318 -73.991282
40.675317 -74.171739
40.677829 -74.183103
40.714334 -73.965196
40.712716 -73.950237
40.755124 -73.985120
40.743042 -73.983966
40.772335 -73.953008
40.855521 -74.064058
40.761768 -73.986490
40.742501 -73.985294
40.771239 -73.982290
40.752175 -73.987243
40.713759 -74.009244
40.759958 -73.972465
40.701527 -73.988165
40.701681 -73.987147
40.763719 -73.971573
40.697835 -73.990613
40.760886 -73.999599
40.760594 -73.973715
40.736213 -74.003387
40.733388 -73.997071
40.759155 -73.979423
40.762332 -73.974251
40.704561 -74.014286
40.704123 -74.015225
40.768084 -73.981240
40.761235 -73.987262
40.704094 -74.013733
40.704204 -74.013106
40.758357 -73.992419
40.751052 -73.994722
40.709965 -74.011581
40.782937 -73.952761
40.775510 -73.944305
40.726236 -74.002556
40.775183 -73.982172
40.702539 -74.014093
40.725524 -74.003042
40.744273 -73.987834
40.764309 -73.974503
40.758122 -73.978947
40.764567 -73.974448
40.763486 -73.973371
40.754629 -73.977677
40.753271 -73.975356
40.751515 -73.980624
40.711491 -74.002125
40.745720 -73.988492
40.719209 -74.008863
40.757486 -73.984618
40.660053 -73.980780
40.764392 -73.973556
40.764791 -73.974462
40.764437 -73.975560
40.660505 -73.980377
40.676643 -73.980346
40.782274 -73.980790
40.759001 -73.985356
40.758600 -73.981681
40.758600 -73.981681
40.758954 -73.982238
40.714111 -73.998741
40.582334 -74.165485
40.690587 -73.990012
40.804407 -73.966777
40.755617 -73.981263
40.731101 -73.993415
40.761120 -73.991032
40.719470 -73.955926
40.702865 -74.017124
40.762863 -73.992740
40.723685 -73.987984
40.831169 -74.137853
40.719017 -73.956693
40.767846 -73.982594
40.767717 -73.982469
40.548620 -74.297232
40.568479 -74.329561
40.749942 -73.991486
40.748273 -73.990665
40.765342 -73.972484
40.707068 -73.804595
40.758569 -73.978935
40.779291 -73.954994
40.764829 -73.972463
40.729186 -73.986755
40.747769 -73.987244
40.764747 -73.971098
40.745654 -73.953401
40.746576 -73.944046
40.764504 -73.971742
40.764857 -73.973451
40.738517 -73.991401
40.764370 -73.971471
40.735083 -73.874268
40.761233 -73.997489
40.744700 -73.958487
40.736327 -73.990012
40.765485 -73.969869
40.764518 -73.970861
40.763718 -73.973550
40.756051 -73.986659
40.723558 -74.002881
40.744993 -73.977538
40.939760 -73.835130
40.742859 -73.976858
40.737321 -73.990550
40.747443 -73.981354
40.723101 -73.999067
40.746102 -73.982019
40.729740 -73.989717
40.668756 -73.979860
40.719530 -74.008755
40.757127 -73.989174
40.744815 -73.981477
40.770726 -73.973865
40.761461 -73.972620
40.749036 -73.982953
40.749060 -73.983596
40.748224 -73.983568
40.742918 -73.951845
40.763297 -73.969276
40.763538 -73.970566
40.742017 -73.950161
40.743395 -73.953635
40.825096 -74.139056
40.761735 -73.980517
40.725978 -73.988996
40.713536 -73.955740
40.738884 -73.994733
40.741543 -74.000512
40.742480 -73.998093
40.756995 -73.971638
40.736787 -74.001449
40.749377 -73.981248
40.752182 -73.976290
40.748908 -73.985542
40.752609 -73.980501
40.746842 -73.984491
40.749792 -73.979827
40.747358 -73.985227
40.747988 -73.985656
40.746986 -73.985732
40.742233 -73.987984
40.745109 -73.982856
40.781769 -73.979238
40.786408 -73.978172
40.703417 -73.994954
40.789338 -73.976093
40.739059 -74.005601
40.665786 -73.978986
40.779168 -73.981611
40.759672 -73.984386
40.761581 -73.983899
40.692833 -73.990312
40.646409 -73.778671
40.788032 -73.974532
40.765273 -73.981762
40.720086 -74.006692
40.728661 -74.000247
40.756150 -73.978127
40.703116 -73.991944
40.740657 -74.029805
40.685840 -73.977352
40.699633 -73.992224
40.742649 -73.953756
40.756132 -73.969713
40.775496 -73.875167
40.753489 -73.987033
40.744064 -73.953971
40.759534 -73.985449
40.756790 -73.988499
40.746096 -73.945848
40.737168 -73.992459
40.738364 -73.992176
40.761078 -73.983754
40.716645 -73.989371
40.737384 -73.990044
40.761584 -73.983914
40.747987 -73.852025
40.758599 -73.830873
40.761806 -73.830345
40.735811 -74.029418
40.749358 -74.007111
40.777324 -73.982223
40.745495 -74.009555
40.744971 -73.997652
40.754029 -73.987571
40.756935 -73.988958
40.742005 -74.001138
40.721594 -73.988722
40.747638 -73.986192
40.740307 -74.005697
40.753946 -73.981536
40.808492 -73.987979
40.753726 -73.980967
40.664518 -73.983422
40.670060 -73.988960
40.786075 -73.976979
40.916362 -74.076576
40.923777 -74.073834
40.769405 -73.988416
40.769500 -73.989350
40.769126 -73.988626
40.768335 -73.989762
40.775439 -73.871061
40.702137 -74.016062
40.770606 -73.875106
40.703064 -74.016599
40.754482 -73.982745
40.763535 -73.981558
40.780266 -73.959495
40.763706 -73.983414
40.732494 -74.005584
40.666373 -73.475084
40.768192 -73.985472
40.751200 -73.997719
40.761324 -73.986699
40.778904 -73.981230
40.792084 -73.978972
40.679347 -73.968391
40.746013 -73.994003
40.739350 -73.994460
40.740807 -74.005882
40.759024 -73.978290
40.645969 -73.776457
40.745021 -73.945766
40.746818 -73.891628
40.740682 -73.991417
40.749467 -73.847533
40.738191 -73.989266
41.023394 -73.625221
40.739031 -73.982134
40.773363 -73.944125
40.675210 -73.977888
40.744687 -73.980834
40.776381 -73.872799
40.748823 -73.986313
40.750493 -73.982273
40.744692 -73.991100
40.754360 -73.979699
40.752873 -73.979317
40.691482 -73.987319
40.734884 -73.991450
40.741993 -73.989419
40.748153 -73.985057
40.735325 -73.991734
40.733738 -73.990881
40.740494 -73.983234
40.744720 -73.950681
40.747680 -73.983635
40.749012 -73.985869
40.748641 -73.986205
40.761309 -73.967177
40.759393 -73.965021
40.761830 -73.966349
40.761648 -73.966920
40.759955 -73.967868
40.758326 -73.969187
40.759771 -73.968039
40.733100 -73.998252
40.733218 -74.003273
40.728819 -74.001990
40.760860 -73.965284
40.705070 -74.011467
40.728332 -73.999491
40.728236 -73.999668
40.723429 -74.008830
40.740510 -74.001653
40.744347 -73.983038
40.762623 -73.965686
40.642089 -73.787172
40.640918 -73.789522
40.641313 -73.789479
40.717592 -73.999879
40.762117 -73.965948
40.732104 -73.999850
40.729112 -74.001320
40.731141 -73.993476
40.729272 -74.000982
40.758180 -73.978826
40.728983 -73.999673
40.728138 -74.001017
40.729394 -73.999845
40.728902 -74.000158
40.731565 -73.994575
40.728241 -73.999299
40.731340 -74.002178
40.742181 -74.005927
40.781884 -73.948899
40.779544 -73.947644
40.734705 -73.998992
40.714480 -74.003065
40.749431 -73.973173
40.806982 -73.964263
40.719283 -73.961613
40.729150 -73.981438
40.757771 -73.844447
40.768841 -73.862199
40.716278 -74.000411
40.721958 -73.996876
40.670313 -73.985497
40.765660 -73.976054
40.765843 -73.976343
40.766088 -73.976136
40.768383 -73.982063
40.774870 -73.869345
40.678865 -73.968843
40.715140 -73.997977
40.718162 -73.950050
40.750443 -73.986678
40.807478 -73.964601
40.735332 -74.000611
40.734547 -74.001529
40.733557 -74.001498
40.583544 -73.659424
40.663345 -73.971897
40.743874 -73.987172
40.733502 -73.999247
40.733281 -73.999725
40.734844 -73.999528
40.733909 -74.000097
40.771237 -73.956501
40.750152 -73.994749
40.686160 -74.322340
40.761784 -73.987927
40.709568 -74.014570
40.717506 -74.010581
40.768152 -73.982134
40.739916 -74.005765
40.725981 -73.996265
40.740093 -74.005921
40.771591 -73.959289
40.730392 -73.986405
40.722018 -73.993394
40.785008 -73.977200
40.807101 -73.964939
40.807944 -73.964085
40.419463 -74.221277
40.709572 -74.012680
40.766365 -73.979445
40.702757 -73.992725
40.754515 -73.995389
40.759021 -73.976079
40.548137 -74.334794
40.545503 -74.333292
40.713625 -74.010739
40.548003 -74.335335
40.759877 -73.976498
40.716552 -73.958833
40.724305 -73.993199
40.761673 -73.960907
40.742937 -74.001169
40.752401 -73.977966
40.794337 -73.972178
40.761221 -73.960573
40.768528 -73.983373
40.769604 -73.981430
40.773328 -73.982268
40.733780 -73.990037
40.768149 -73.981285
40.768737 -73.981966
40.769381 -73.982193
40.769409 -73.982046
40.769262 -73.982112
40.646468 -73.779200
40.644525 -73.781104
40.758164 -73.982448
40.759090 -73.978021
40.758393 -73.978991
40.735235 -74.002763
40.758899 -73.953670
40.754027 -73.988442
40.743274 -73.616251
40.740656 -74.007886
40.729786 -73.989058
40.753775 -73.973479
40.733517 -74.002404
40.805883 -73.965775
40.810385 -73.959671
40.643656 -73.782119
40.744159 -73.995512
40.752420 -74.002513
40.729323 -73.989835
40.645905 -73.776435
40.646003 -73.776268
40.760896 -73.983625
40.729998 -74.004319
40.725142 -73.978031
40.771210 -73.983517
40.771207 -73.982156
40.771492 -73.980515
40.771626 -73.982544
40.771547 -73.982518
40.771872 -73.981783
40.728735 -73.986286
40.772839 -73.982974
40.771361 -73.982667
40.724612 -74.001252
40.732474 -73.996492
40.676146 -73.982517
40.753432 -73.978492
40.772999 -73.981853
40.642082 -73.785409
40.761122 -73.963925
40.763221 -73.982932
40.719924 -74.003970
40.703049 -73.933315
40.723267 -73.996442
40.736560 -74.005683
40.730210 -74.002050
40.729807 -73.986714
40.715309 -74.002838
40.741315 -74.005075
40.718216 -73.997662
40.762671 -73.986013
40.704041 -74.010182
40.783985 -73.977524
40.744168 -73.988291
40.719731 -73.987172
40.740036 -73.986212
40.737035 -73.988611
40.760132 -73.995383
40.747357 -73.645126
40.762178 -73.981776
40.726035 -73.994908
40.758994 -73.983725
40.758799 -73.983336
40.762950 -73.983660
40.761995 -73.981635
40.722055 -74.003639
40.738195 -73.982857
40.761999 -73.968050
40.758425 -73.999158
40.736006 -73.987083
40.722652 -74.003353
40.768110 -73.987496
40.639477 -73.787335
40.753718 -73.974487
40.752621 -73.972524
40.714281 -73.963290
40.729893 -73.980925
40.732161 -73.985775
40.587923 -73.931820
40.719215 -74.008872
40.763814 -73.972427
40.732405 -74.035953
40.692330 -74.181036
40.691808 -74.174602
40.764825 -73.979390
40.765268 -73.979009
40.723916 -73.996121
40.768662 -73.983038
40.661130 -74.171680
40.754465 -73.977193
40.766358 -73.983397
40.766525 -73.982970
40.767391 -73.981434
40.762665 -73.974560
40.785716 -73.972985
40.701666 -74.015958
40.702854 -73.986783
40.784321 -73.979821
40.728283 -74.004228
40.767013 -73.993971
40.742859 -73.980120
40.763182 -73.973315
40.762736 -73.975563
40.777500 -73.983080
40.762934 -73.974241
40.764244 -73.978973
40.765190 -73.975523
40.763397 -73.978170
40.698562 -74.039740
40.739936 -73.985097
40.764982 -73.979326
40.764017 -73.978408
40.727253 -73.993031
40.764006 -73.979416
40.763882 -73.975512
40.775813 -73.980324
40.906920 -74.133535
40.702394 -73.989489
40.765968 -73.979259
40.758392 -73.989439
40.757808 -73.985533
40.723245 -73.999823
40.735567 -73.991305
40.779876 -73.980579
40.775634 -73.979976
40.763421 -73.973876
40.735548 -73.992283
40.718033 -73.945373
40.718765 -73.960663
40.782858 -73.978270
40.718367 -73.959894
40.758738 -73.979166
40.755563 -73.985463
40.756146 -73.970344
40.780086 -73.980721
40.718391 -73.960134
40.827979 -73.925643
40.717181 -73.959072
40.716746 -73.958904
40.729172 -74.034698
40.741119 -74.001571
40.730249 -73.983377
40.756484 -73.997496
40.763264 -73.992668
40.783583 -73.949853
40.761577 -73.979775
40.732280 -73.984661
40.728169 -73.981279
40.728891 -73.987454
40.721672 -74.005022
40.748574 -73.976490
40.722103 -74.005569
40.746206 -73.983977
40.722916 -74.007393
40.724587 -73.996428
40.805948 -73.965647
40.805792 -73.965581
40.804086 -73.962974
40.761430 -74.009914
40.717456 -73.958759
40.559623 -74.264259
40.714860 -73.998058
40.740881 -74.005818
40.718513 -73.957418
40.723698 -73.997028
40.718307 -73.956652
40.724931 -73.997207
40.761187 -73.994228
40.716697 -73.958928
40.758636 -73.970132
40.708376 -73.957965
40.724434 -73.999745
40.719280 -73.997098
40.721624 -74.000247
40.754783 -73.988171
40.737745 -74.003565
40.715531 -73.998621
40.659708 -73.803523
40.757562 -73.974275
40.758788 -73.975526
40.774761 -73.95405
40.756030 -73.977548
40.756086 -73.975631
40.762570 -73.979247
40.727085 -73.983875
40.687704 -73.968676
40.672466 -73.969611
40.717035 -74.011123
40.672395 -73.968356
40.787255 -73.977569
40.674776 -73.976036
40.945947 -74.072007
40.946681 -74.071402
40.739672 -73.994990
40.757281 -73.969745
40.774704 -73.954149
40.724575 -73.993359
40.741388 -73.981247
40.756414 -73.967291
40.716040 -73.999410
40.744737 -73.992991
40.783964 -73.952282
40.782119 -73.951018
40.645843 -73.776597
40.645832 -73.776559
40.764716 -73.987367
40.774292 -73.873121
40.774306 -73.873140
40.703429 -73.990116
40.807833 -73.945484
40.645871 -73.776443
40.807499 -73.963469
40.76317 -73.976102
40.742288 -73.983361
40.758845 -73.987508
40.747131 -73.977096
40.806379 -73.963211
40.818530 -74.223203
40.716519 -73.961465
40.715425 -74.009531
40.719678 -74.004561
40.734373 -74.002838
40.728996 -73.988623
40.761626 -73.984234
40.727287 -73.995374
40.755113 -73.982214
40.732756 -73.985883
40.730791 -73.998700
40.763799 -73.997632
40.720337 -73.993198
40.772945 -73.955658
40.720267 -73.995109
40.727249 -73.991974
40.760854 -73.994237
40.755924 -73.968856
40.743906 -73.983373
40.728260 -73.991231
40.762674 -73.971354
40.763192 -73.971601
40.737736 -73.981254
40.735748 -73.985374
40.737160 -73.984897
40.729200 -73.987693
40.765613 -73.965632
40.765279 -73.966106
40.765705 -73.947257
40.757294 -73.993455
40.757142 -73.993771
40.758876 -73.986463
40.769873 -73.981354
40.770211 -73.981555
40.753799 -73.995714
40.686325 -73.993842
40.745333 -74.002058
40.734583 -74.002152
40.743739 -73.999551
40.743438 -73.999539
40.744669 -73.998825
40.743895 -73.994934
40.714623 -73.998091
40.756944 -73.992785
40.759420 -73.983028
40.759002 -73.976156
40.752693 -73.971561
40.751564 -73.975748
40.759111 -73.979582
40.792557 -73.973020
40.788686 -73.981668
40.738502 -74.003788
40.686901 -73.975397
40.761077 -73.985093
40.757073 -73.980477
40.836987 -74.152210
40.788307 -73.976440
40.848521 -73.937129
40.773909 -73.943896
40.752149 -73.973940
40.786685 -73.953792
40.721422 -73.792104
40.784724 -73.956012
40.785046 -73.977072
40.780882 -73.981579
40.774496 -73.873100
40.749625 -73.987502
40.819178 -73.959919
40.758256 -73.992551
40.740216 -74.005348
40.738328 -73.985594
40.738457 -73.985677
40.768318 -73.993016
40.712882 -73.957213
40.713075 -73.956958
40.713386 -73.956935
40.712450 -73.956389
40.763771 -73.977749
40.718225 -73.959901
40.743656 -73.984355
40.727214 -74.001862
40.719733 -74.010191
40.730924 -74.002882
40.732387 -74.010435
40.720258 -74.009772
40.697821 -73.971010
40.716274 -74.007600
40.731217 -73.985717
40.777972 -73.981858
40.721046 -73.956506
40.701810 -74.011363
40.779316 -73.981272
40.764834 -73.969904
40.755689 -73.979423
40.752312 -73.983686
40.714761 -74.008445
40.717485 -74.010553
40.719277 -73.985263
40.720546 -73.984890
40.742771 -74.007059
40.816158 -73.980448
40.713652 -73.997420
40.738059 -73.612148
40.755192 -73.986748
40.730127 -74.003104
40.689412 -73.992694
40.733713 -74.003044
40.522913 -74.336446
40.739422 -74.006971
40.905688 -74.031565
40.715145 -73.966618
40.966448 -74.074643
40.728479 -74.000865
40.753084 -73.975002
40.807613 -73.963705
40.758900 -73.967902
40.722079 -74.005991
40.740494 -74.001781
40.768336 -73.936542
40.729614 -73.984756
40.761258 -73.990370
40.763358 -73.978426
40.760479 -73.989787
40.740863 -73.992579
40.723378 -73.989665
40.726877 -73.985335
40.753859 -73.983806
40.763983 -73.970776
40.775954 -73.953061
40.759525 -73.957958
40.808521 -73.959615
40.755792 -73.978641
40.750732 -73.984611
40.751795 -73.981875
40.763382 -73.980134
40.763479 -73.97908
40.742575 -73.980330
40.675630 -73.978208
40.663107 -73.981647
40.661438 -73.979497
40.761268 -73.976901
40.766035 -73.987183
40.782221 -73.980656
40.785884 -73.976726
40.778628 -73.977427
40.686472 -73.990016
40.744425 -73.984753
40.753979 -73.990883
40.724421 -73.987630
40.760636 -73.990901
40.742658 -73.984261
40.703885 -73.988931
40.723014 -74.003455
40.732018 -73.988941
40.723216 -73.988869
40.752267 -73.993831
40.751786 -73.992589
40.686448 -73.974170
40.742456 -73.992331
40.742231 -73.993351
40.741502 -73.993866
40.741294 -73.993988
40.798937 -73.968377
40.741835 -73.990280
40.742400 -73.986972
40.740266 -73.995076
40.717923 -73.957664
40.729284 -73.993674
40.718369 -73.955330
40.756500 -73.986976
40.714295 -73.951737
40.647150 -73.789044
40.736606 -74.001296
40.735112 -74.000419
40.717306 -74.000537
40.749196 -73.984605
40.746056 -73.986551
40.746529 -73.986024
40.749123 -73.983816
40.754742 -73.979476
40.721156 -73.844124
40.702167 -74.012875
40.704952 -74.013642
40.724364 -73.978832
40.725868 -73.983424
40.737730 -73.986589
40.760797 -73.972580
40.766412 -73.969498
40.767818 -73.968320
40.768787 -73.967592
40.740732 -74.007109
40.755188 -73.982482
40.768977 -73.984723
40.756075 -73.990484
40.740927 -73.981636
40.745532 -73.978237
40.758972 -73.984680
40.739250 -74.027831
40.766417 -73.983296
40.743408 -73.984641
40.742329 -73.982658
40.531406 -74.375649
40.750136 -73.978157
40.719717 -74.007412
40.682031 -73.977219
40.730272 -73.986137
40.761552 -73.990330
40.713679 -74.009088
40.763324 -73.980885
40.763259 -73.980826
40.726028 -74.001380
40.732992 -73.954732
40.741140 -73.989117
40.765013 -73.978755
40.741221 -74.006124
40.722214 -74.008153
40.727777 -74.007210
40.810185 -73.835061
40.802339 -73.950750
40.687679 -73.986990
40.719916 -74.010429
40.812048 -73.963475
40.773985 -73.907320
40.666761 -73.784365
40.742753 -73.988832
40.740277 -74.005415
40.606500 -74.276479
40.686967 -73.990908
40.726805 -73.999279
40.751773 -73.982018
40.726910 -73.984351
40.735744 -73.987418
40.764745 -73.976472
40.735682 -74.001891
40.724552 -73.987484
40.728774 -73.987553
40.740734 -74.005001
40.722030 -74.009613
40.688390 -73.962944
40.719671 -73.953862
40.686868 -73.984697
40.717810 -73.958028
40.730013 -73.956527
40.719627 -73.952145
40.711742 -74.008306
40.744424 -73.986963
40.760750 -73.990172
40.911836 -73.779831
40.764293 -73.977541
40.714229 -73.955418
40.735811 -73.990820
40.749136 -73.981445
40.763512 -73.981223
40.762564 -73.982759
40.703017 -73.988290
40.740882 -73.993573
40.667911 -73.980528
40.742924 -73.992791
40.743468 -73.992198
40.620858 -74.245262
40.718754 -74.000995
40.801740 -73.964909
40.678205 -73.442449
40.706938 -74.006201
40.742337 -73.993001
40.758202 -73.992316
40.752936 -73.972740
40.725701 -73.977617
40.750952 -73.986854
40.729959 -73.981243
40.726697 -73.982464
40.720175 -73.996990
40.729069 -73.981193
40.762482 -73.987490
40.763679 -73.999421
40.716915 -73.959360
40.716997 -74.032047
40.927967 -73.852838
40.744825 -73.997924
40.741898 -73.974875
40.754908 -73.973374
40.728964 -73.988805
40.739947 -73.639654
40.740873 -74.005761
40.754605 -73.987333
40.677374 -73.983177
40.754518 -73.982499
40.755135 -73.983087
40.731325 -73.958220
40.730991 -74.275534
40.762996 -73.973045
40.785290 -73.973590
40.750930 -73.986913
40.704895 -74.011194
40.756961 -73.988875
40.764421 -73.999314
40.766543 -73.999790
40.733389 -73.981613
40.735496 -73.979694
40.761356 -73.986471
40.758147 -73.986557
40.736966 -73.989434
40.708901 -74.010523
40.753285 -73.986448
40.754545 -73.984191
40.761820 -73.973221
40.867965 -73.920351
40.708802 -74.012179
40.715275 -74.010253
40.731388 -74.003198
40.767182 -73.983961
40.756539 -73.973812
40.860526 -73.932578
40.752726 -73.986149
40.728818 -73.978532
40.731569 -74.003173
40.756645 -73.985736
40.754978 -73.986762
40.752308 -73.983800
40.768224 -73.964402
40.767989 -73.963755
40.751683 -73.979934
40.765233 -74.008004
40.730682 -73.993671
40.729137 -73.988647
40.645434 -73.785132
40.673013 -73.984690
40.741303 -74.028019
40.742371 -74.033576
40.737402 -74.036106
40.738203 -74.030265
40.718809 -73.996603
40.718769 -73.987941
40.720963 -73.998258
40.755638 -73.991088
40.755099 -73.993194
40.680840 -73.975620
40.795088 -73.972462
40.752468 -73.994486
40.740522 -74.030105
40.754460 -73.974080
40.719728 -74.006676
40.734569 -74.003041
40.720267 -73.997054
40.867460 -73.825421
40.732904 -74.003042
40.677046 -73.980804
40.757328 -73.982205
40.671751 -73.984411
40.719917 -73.987781
40.735420 -74.004867
40.763335 -73.982111
40.763072 -73.972938
40.738023 -74.002098
40.864788 -73.830142
40.742050 -73.981002
40.738469 -73.611531
40.735868 -74.005964
40.731502 -73.982823
40.709889 -73.962535
40.756086 -73.9682
40.771654 -73.946456
40.915847 -74.073108
40.688671 -73.993071
40.690384 -73.994928
40.851618 -73.952250
40.726010 -73.977671
40.76218 -73.98965
40.739793 -73.985042
40.718746 -73.988643
40.755725 -73.986900
40.729878 -73.990354
40.722546 -74.006344
40.721823 -74.006116
40.721721 -74.006288
40.742038 -73.991117
40.727198 -73.986159
40.672944 -73.983344
40.754870 -73.983245
40.718897 -73.986744
40.723307 -73.989341
40.674144 -74.017075
40.730990 -74.064701
40.675033 -73.981429
40.765296 -73.976951
40.775994 -73.870639
40.773814 -73.980892
40.773680 -73.981871
40.728571 -73.984669
40.738349 -73.987945
40.727711 -73.993296
40.728172 -73.988362
40.687594 -74.182584
40.745241 -74.025750
40.685713 -73.973463
40.687390 -73.974663
40.682973 -73.976118
40.690888 -73.980442
40.688363 -73.988372
40.738914 -74.030363
40.713699 -73.997838
40.680190 -73.967889
40.760775 -73.975946
40.710694 -73.933950
40.684497 -73.977794
40.812595 -74.013335
40.795682 -73.932641
40.759846 -73.983612
40.780702 -73.979110
40.725874 -73.994917
40.770478 -73.980582
40.757527 -73.983154
40.750676 -73.991792
40.750068 -73.992298
40.725441 -73.997439
40.764835 -73.972610
40.755213 -73.991200
40.747288 -74.000685
40.749035 -73.988362
40.757336 -73.989791
40.749379 -73.992380
40.751536 -73.993752
40.826728 -74.125661
40.726100 -73.98324
40.760631 -73.984773
40.846329 -73.938368
40.730082 -73.995715
40.687256 -74.180665
40.739770 -74.002532
40.783124 -73.974567
40.688707 -74.178851
40.758340 -73.986684
40.677015 -73.980091
40.677555 -73.985854
40.773618 -73.532232
40.755876 -73.982394
40.756798 -73.984401
40.723003 -73.989084
40.749661 -73.979414
40.716215 -73.993126
40.743778 -73.924276
40.723025 -73.988920
40.648139 -73.78248
40.661515 -73.968318
40.727233 -73.986390
40.727884 -73.985554
40.737087 -74.030889
40.739836 -74.006869
40.726932 -73.988565
40.674358 -73.982091
40.691510 -73.963602
40.791082 -73.973077
40.702439 -73.816838
40.756636 -73.988488
40.722620 -73.988437
40.727388 -74.000397
40.741329 -74.004486
40.766033 -73.987184
40.804706 -73.966730
40.756514 -73.972082
40.749266 -73.988017
40.723549 -73.996629
40.747000 -73.987057
40.748824 -73.975859
40.737770 -73.987888
40.750091 -73.986142
40.749775 -73.980131
40.722018 -73.997522
40.679542 -73.968297
40.721113 -74.043445
40.717550 -73.996096
40.745879 -74.260236
40.765492 -73.931579
40.720355 -73.988349
40.713781 -74.009441
40.665698 -73.964381
40.755652 -73.985753
40.715492 -73.998145
40.720141 -73.955630
40.716048 -73.961201
40.647052 -73.777904
40.754232 -73.992591
40.745260 -73.998441
40.763174 -73.979092
40.815725 -73.958297
40.733697 -74.006305
40.729446 -73.979571
40.723660 -73.985098
40.734237 -73.992927
40.727099 -73.984934
40.769215 -73.970058
40.714675 -73.942665
40.729104 -73.993479
40.748697 -74.119018
40.808528 -73.947373
40.730670 -73.953834
40.731096 -74.001224
40.750296 -73.994409
40.647499 -73.781738
40.760886 -73.981484
40.734156 -73.984135
40.735079 -73.983225
40.679231 -73.978828
40.672945 -73.984481
40.765016 -73.974588
40.778505 -73.981356
40.713763 -73.949330
40.735798 -73.990811
40.753110 -73.987370
40.722315 -74.001073
40.749392 -73.982252
40.720201 -73.955368
40.736281 -73.990068
40.732241 -74.003648
40.744530 -73.994650
40.740872 -73.993382
40.701626 -74.011542
40.695134 -73.992006
40.707267 -74.004477
40.738816 -74.005511
40.709743 -74.006470
40.768668 -73.981956
40.717858 -74.001193
40.740975 -73.983706
40.722181 -73.987495
40.756264 -73.994490
40.680896 -73.974828
40.680556 -73.975281
40.841246 -74.278388
40.760624 -73.985837
40.725288 -73.999411
40.637932 -73.786158
40.782605 -73.975161
40.689830 -73.981596
40.688057 -73.995578
40.656881 -73.995523
40.740219 -73.993867
40.750531 -73.969049
40.780346 -73.981418
40.745824 -73.993669
40.746618 -74.001673
40.728425 -73.981297
40.750382 -73.987856
40.717472 -73.949093
40.730657 -73.992930
40.723813 -73.996544
40.731613 -74.004018
40.776211 -73.870774
40.722886 -73.985765
40.746534 -74.001377
40.759437 -73.981646
40.742461 -74.003874
40.731952 -73.987802
40.947611 -74.072166
40.743962 -73.984874
40.775214 -73.872834
40.775253 -73.872823
40.774238 -73.872764
40.387581 -74.178182
40.735721 -73.989996
40.756702 -73.993968
40.756287 -73.992779
40.440365 -74.355318
40.760857 -73.981191
40.762233 -73.978596
40.763097 -73.978129
40.765061 -73.976493
40.775253 -73.872823
40.771243 -73.867329
40.765791 -73.987266
40.765582 -73.987397
40.765991 -73.987186
40.851819 -73.953393
40.737427 -73.996671
40.734382 -73.993179
40.721223 -73.988572
40.722890 -73.989143
40.747614 -73.987344
40.719774 -73.988457
40.723131 -73.989102
40.760614 -73.987265
40.753611 -73.996549
40.756806 -73.986047
40.756513 -73.986202
40.737388 -74.008216
40.726254 -74.002034
40.722768 -73.985971
40.732109 -73.994058
40.772955 -73.858498
40.774508 -73.858605
40.774331 -73.859707
40.724342 -73.982952
40.740560 -73.981117
40.754345 -73.972734
40.752517 -73.978434
40.752604 -73.995387
40.747759 -73.987134
40.720200 -73.988659
40.723085 -73.985577
40.740894 -74.008985
40.717778 -73.990494
40.748585 -73.985918
40.690701 -73.995822
40.754309 -73.998419
40.740841 -73.997928
40.735552 -73.988334
40.765932 -73.963640
40.751138 -74.005986
40.755943 -73.993984
40.756575 -73.994286
40.740887 -73.995422
40.713335 -73.941914
40.675357 -73.963490
40.749358 -73.994718
40.760648 -73.988203
40.727535 -73.990570
40.726907 -73.991622
40.741567 -73.600738
40.729030 -73.988736
40.723471 -73.988106
40.751247 -73.990709
40.713598 -73.958791
40.738772 -73.614709
40.745354 -73.982813
40.745625 -73.600409
40.747043 -73.999472
40.728307 -74.005129
40.780555 -73.980222
40.640754 -73.790131
40.756253 -73.994187
40.750300 -73.991992
40.751581 -73.994297
40.751232 -73.993346
40.751689 -73.994143
40.751308 -73.993923
40.751398 -73.993836
40.729445 -73.989454
40.681731 -73.966912
40.753295 -73.994287
40.752631 -73.994538
40.747471 -73.987350
40.770818 -73.954587
40.643905 -74.074423
40.784765 -73.984336
40.721638 -73.992299
40.740224 -73.995747
40.748951 -73.995505
40.750366 -73.992589
40.668147 -74.215004
40.734483 -74.166684
40.723147 -73.819837
40.705429 -74.011359
40.757446 -73.989801
40.687725 -74.181996
40.745623 -73.903355
40.667381 -73.795778
40.743625 -74.176333
41.021185 -73.625156
40.715907 -73.997179
40.728949 -73.996374
40.603923 -74.273342
40.758464 -73.982660
40.599664 -73.999015
40.540901 -74.360622
40.728131 -73.990874
40.745452 -74.260913
40.841436 -73.941315
40.810255 -74.382933
40.739082 -73.983680
40.754332 -73.999660
40.721332 -73.995048
40.851225 -73.877193
40.748229 -73.988122
40.747453 -73.986220
40.725289 -73.978196
40.736659 -73.988783
40.719566 -73.953873
40.714939 -74.008272
40.986110 -73.682384
40.751534 -73.993750
40.732697 -73.954699
40.705992 -74.003076
40.733365 -73.993040
40.744040 -73.983954
40.935493 -73.902387
40.750903 -73.973272
40.693939 -74.172574
40.757627 -74.002661
40.757462 -73.984030
40.750220 -74.003581
40.755897 -73.984252
40.756185 -73.990717
40.683543 -73.935412
40.574965 -73.966831
40.686797 -73.977719
40.740895 -74.008986
40.756572 -73.994138
40.926559 -73.769483
40.760397 -73.983218
40.730144 -73.954961
40.713612 -73.962034
40.747047 -73.985946
40.722836 -73.955409
40.737580 -73.987600
40.718886 -73.989652
40.774704 -73.869581
40.735563 -73.988448
40.752043 -73.979122
40.719209 -74.010144
40.755513 -73.981094
40.723304 -73.988316
40.739780 -74.030289
40.761024 -73.986869
40.663167 -73.976225
40.764984 -73.991626
40.674424 -73.944007
40.727276 -73.993556
40.726293 -73.994565
40.762479 -73.979701
40.727183 -74.001714
40.756554 -73.990527
40.727470 -74.001653
40.763183 -73.996604
40.728232 -74.002236
40.727154 -73.984472
40.745022 -73.982883
40.751464 -73.971649
40.728852 -73.987637
40.749793 -73.975589
40.773254 -73.981265
40.740585 -73.599614
40.779527 -74.046047
40.763903 -73.982043
40.758132 -73.993705
40.768233 -73.953154
40.743474 -73.999603
40.556733 -74.351161
40.733437 -74.003294
40.756917 -73.993370
40.756531 -73.994162
40.721464 -73.998421
40.757013 -73.989019
40.730153 -74.002532
40.645876 -73.776532
40.745289 -73.598377
40.747360 -73.617866
40.549230 -74.335373
40.795025 -73.676526
40.756507 -73.987538
40.756876 -73.994732
40.758721 -73.985227
40.759017 -73.989905
40.735788 -73.991514
40.755249 -73.973455
40.741523 -73.983405
40.761636 -73.960652
40.722473 -73.987790
40.724702 -73.998461
40.740399 -73.613460
40.734668 -73.446267
40.656885 -73.607501
40.755035 -73.988091
40.722412 -73.983149
40.691567 -73.981499
40.768992 -73.866962
40.735291 -73.998277
40.763358 -73.978426
40.764503 -73.977150
40.751339 -73.993834
40.750482 -73.990640
40.743074 -73.615422
40.754198 -73.984287
40.706673 -74.003542
40.734875 -73.988257
40.761510 -73.990055
40.763202 -73.972213
40.742864 -73.987465
40.742576 -73.986853
40.763950 -73.970518
40.787318 -73.977194
40.758617 -73.986072
40.742383 -74.177307
40.741086 -74.178391
40.675606 -73.999328
40.721157 -73.992356
40.756906 -73.971720
40.730851 -74.002523
40.724299 -73.997522
40.706230 -73.922257
40.742553 -74.000522
40.756287 -73.988282
40.776138 -73.975989
40.781873 -73.975764
40.717133 -73.958245
40.771417 -73.956334
40.719101 -73.985106
40.725717 -73.495336
40.723704 -73.999994
40.684783 -74.190802
40.730246 -73.990331
40.784251 -73.977734
40.720150 -73.988394
40.779962 -73.988696
40.731856 -73.985186
40.729190 -73.988756
40.772043 -73.533157
40.749882 -73.987330
40.719657 -73.952748
40.545348 -74.336193
40.732900 -74.003862
40.781998 -73.980408
40.748410 -73.990162
40.720437 -73.988194
40.772311 -73.978993
40.972920 -74.081428
40.646807 -74.076508
40.891378 -74.269846
40.763027 -73.978925
40.670877 -73.977771
40.752761 -73.972998
40.735654 -73.988038
40.725905 -73.978056
40.689731 -73.973171
40.694759 -74.174651
40.726945 -73.985748
40.733413 -73.991497
40.803357 -74.248711
40.718932 -73.987917
40.749671 -73.987797
40.679759 -73.974624
40.763020 -73.982868
40.645438 -73.785287
40.739965 -73.981944
40.725969 -73.992752
40.727283 -73.985366
40.741354 -73.988420
40.794635 -73.959188
40.772217 -73.956359
40.791715 -73.953064
40.791954 -73.953637
40.719237 -73.985358
40.706729 -74.006904
40.760810 -73.981161
40.760910 -74.075832
40.756441 -73.987619
40.741966 -73.983052
40.762739 -73.987383
40.721385 -73.999081
40.729750 -74.002831
40.736092 -74.004145
40.730103 -73.999448
40.737723 -73.989049
40.691621 -74.187578
40.731423 -74.001006
40.669075 -73.984641
40.726113 -74.009667
40.726795 -73.994404
40.727389 -73.992165
40.771888 -73.940917
40.684860 -73.994856
40.720895 -73.995439
40.724213 -73.980750
40.722294 -73.983259
40.735400 -74.003505
40.762482 -73.987326
40.741928 -74.000570
40.725860 -73.996650
40.727625 -73.984758
40.71955 -74.002526
40.742486 -73.993012
40.720697 -73.984401
40.738526 -73.999849
40.806338 -73.958587
40.752629 -73.977341
40.693654 -73.989862
40.593677 -73.505984
40.658302 -73.645425
40.740100 -73.993457
40.767399 -73.982652
40.769991 -74.280800
40.729683 -73.990767
40.737703 -74.001921
40.755460 -73.989477
40.724601 -74.001181
40.712185 -73.964711
40.732836 -74.001824
40.763039 -73.973661
40.762665 -73.973315
40.800597 -73.965615
40.739623 -73.992283
40.745571 -73.988443
40.779972 -73.977102
40.685737 -73.972581
40.718535 -74.010528
40.763546 -73.981726
40.740806 -74.006342
40.730060 -74.000680
40.742582 -73.996797
40.744459 -73.614909
40.738937 -73.989687
40.749250 -73.969899
40.763417 -73.981294
40.754844 -73.984355
40.754844 -73.984355
40.744038 -73.970861
40.736067 -73.989018
40.737217 -73.990881
40.739279 -74.003700
40.744729 -73.992764
40.725637 -74.005642
40.687309 -73.975415
40.753960 -73.983352
40.717088 -73.958463
40.756175 -73.992791
40.732557 -74.003186
40.756665 -73.992259
40.75455 -73.992183
40.780327 -73.949990
40.757861 -73.986012
40.742621 -73.987646
40.760579 -73.958242
40.732863 -73.988305
40.739751 -73.584349
40.724506 -73.523300
40.640569 -73.789389
40.738592 -74.003536
40.676966 -73.969277
40.642294 -73.782345
40.754951 -73.991602
40.780511 -73.980593
40.740481 -73.986698
40.770052 -73.918150
40.767804 -73.964172
40.722022 -73.794221
40.725230 -73.983673
40.737396 -73.987414
40.751121 -73.992750
40.663712 -73.985015
40.747660 -73.989437
40.575467 -73.978190
40.667404 -73.795163
40.756248 -73.96812
40.711015 -73.858740
40.741355 -73.981075
40.770692 -73.916881
40.723567 -74.008208
40.787485 -73.974942
40.653541 -73.787022
40.752477 -73.972844
40.762853 -73.973668
40.760504 -73.983596
40.758298 -73.984175
40.752252 -73.991276
40.739852 -74.006866
40.768646 -73.983027
40.756672 -73.967558
40.751670 -73.990121
40.773588 -73.975135
40.785677 -73.976429
40.714670 -74.003441
40.719412 -73.989390
40.758103 -73.988916
40.785588 -73.976297
40.752282 -73.993752
40.739572 -73.613377
40.645432 -73.785307
40.741016 -74.007661
40.744298 -73.983972
40.738695 -73.989858
40.778518 -73.981933
40.663467 -73.823157
40.753079 -73.999000
40.743481 -73.992880
40.744478 -73.985420
40.709539 -74.014570
40.770241 -74.064694
40.737398 -73.996544
40.783461 -73.974147
40.790869 -73.970025
40.872863 -73.918461
40.689689 -73.971965
40.730810 -74.000726
40.709692 -74.171679
40.705107 -74.177348
40.764078 -73.997667
40.732800 -74.008365
40.689620 -73.969210
40.852763 -73.827288
40.882599 -73.816511
40.719623 -74.007092
40.738782 -73.987265
40.645254 -73.778988
40.727654 -74.036333
40.778897 -73.778282
40.721036 -73.997672
40.869773 -74.001921
40.694793 -74.174017
40.719282 -73.991156
40.756953 -73.986707
40.722630 -73.987017
40.767427 -73.921210
40.766891 -73.921412
40.732409 -74.003542
40.547836 -74.336392
40.631465 -73.951519
40.720778 -74.005034
40.740875 -73.993453
40.780494 -73.980419
40.755965 -73.985741
40.760315 -73.987169
40.746427 -73.845087
40.756689 -73.986288
40.725132 -73.990956
40.777986 -73.980420
40.742846 -73.999822
40.749386 -74.007532
40.751150 -73.976429
40.780101 -73.977806
40.778222 -73.978543
40.729203 -74.008296
40.753572 -73.988472
40.754112 -73.989265
40.769507 -73.951960
40.751697 -74.004021
40.728673 -73.994979
40.758138 -73.987175
40.715925 -73.964929
40.729421 -73.993778
40.747417 -73.989792
40.783731 -73.977573
40.770621 -73.866707
40.768992 -73.866077
40.769220 -73.866649
40.768923 -73.866103
40.777132 -73.952060
40.776774 -73.952292
40.741710 -73.990302
40.724986 -73.981342
40.717430 -73.989636
40.689673 -73.970152
40.732357 -73.989884
40.729888 -73.981010
40.723247 -73.989862
40.726015 -73.985974
40.762127 -73.985824
40.762935 -73.959567
40.674869 -73.976891
40.714347 -73.960990
40.785626 -73.977085
40.732453 -73.990111
40.766089 -73.979909
40.750924 -73.986656
40.749209 -73.986840
40.749998 -73.987662
40.730004 -73.987064
40.728480 -73.993008
40.749623 -73.988014
40.711875 -74.007675
40.760709 -73.985932
40.710263 -74.007757
40.727577 -74.007218
40.732855 -74.003109
40.731307 -73.982609
40.759355 -73.981543
40.732044 -74.003513
40.724156 -74.007168
40.730921 -73.982880
40.748860 -73.975502
40.745062 -73.977416
40.766158 -73.991521
40.727775 -73.985448
40.718482 -73.960142
40.706430 -73.922944
40.745390 -74.002081
40.680048 -73.974926
40.742116 -73.983607
40.762373 -73.968608
40.71591 -73.959068
40.768720 -73.962417
40.707616 -73.928855
40.742941 -73.982882
40.756660 -73.988145
40.708137 -74.008175
40.781135 -73.952362
40.722358 -73.987157
40.722736 -73.988024
40.754401 -73.988035
40.726832 -73.985883
40.727112 -73.983958
40.575344 -73.980160
40.755421 -73.978897
40.658357 -73.646689
40.742851 -73.992996
40.726357 -73.989072
40.727703 -73.985191
40.752288 -74.008648
40.747521 -73.988214
40.748170 -73.984706
40.748269 -73.986260
40.738830 -74.003480
40.738053 -74.004179
40.735125 -74.005902
40.736303 -74.005759
40.755898 -73.984253
40.742592 -73.982317
40.778339 -73.556052
40.756083 -73.984862
40.741077 -73.981513
40.727185 -73.985420
40.737749 -73.984360
40.761886 -73.979995
40.721383 -73.988202
40.720664 -74.010177
40.684925 -73.977652
40.725852 -73.992885
40.758554 -73.985250
40.719810 -73.584980
40.722230 -73.994250
40.719574 -74.010032
40.763298 -73.921073
40.761988 -73.925582
40.750740 -73.986366
40.748294 -73.987911
40.705159 -74.018468
40.754259 -73.984363
40.731705 -73.983542
40.760332 -73.991527
40.723520 -73.988369
40.748417 -74.026103
40.742398 -74.029333
40.733203 -74.011727
40.758903 -73.987791
40.731112 -74.004042
40.764424 -73.976791
40.758757 -73.987104
40.757914 -73.987385
40.742266 -73.983757
40.753610 -73.984567
40.759372 -73.832315
40.743826 -73.988630
40.766874 -73.986622
40.762105 -73.975270
40.713910 -73.955950
40.739663 -73.995047
40.732665 -74.009678
40.733527 -73.988209
40.724716 -73.990400
40.721946 -73.996376
40.752806 -73.993354
40.751694 -73.972395
40.751739 -73.984624
40.724132 -73.845634
40.763004 -73.967552
40.728941 -73.988177
40.733065 -74.006376
40.665486 -73.971698
40.758975 -73.971598
40.732662 -74.003780
40.688949 -74.043645
40.723917 -73.998520
40.686520 -73.984251
40.739830 -73.985336
40.752507 -73.969327
40.761478 -73.983532
40.710745 -73.676195
40.743933 -74.028745
40.691492 -73.984704
40.773351 -73.984004
40.689522 -73.971038
40.731754 -73.984047
40.742415 -73.983634
40.643899 -73.789615
40.794151 -73.962782
40.802951 -73.956302
40.739666 -73.988591
40.743436 -73.999744
40.762374 -73.990197
40.746435 -73.997890
40.763616 -73.984905
40.756382 -73.985797
40.782239 -73.981123
40.715452 -73.964776
40.715563 -73.960144
40.747549 -73.987261
40.715339 -74.008300
40.746232 -73.594515
40.720939 -73.997596
40.719445 -74.005007
40.762002 -73.973881
40.781371 -73.918764
40.719046 -73.959692
40.680365 -74.004993
40.759285 -73.981580
40.725708 -73.999509
40.686405 -73.985187
40.765424 -73.982043
40.782263 -73.948553
40.748786 -73.985194
40.753780 -73.974267
40.730870 -74.009841
40.763222 -73.971924
40.743300 -73.984022
40.747580 -73.940230
40.729421 -73.985946
40.760054 -73.978676
40.777750 -73.982593
40.747970 -73.976985
40.736925 -74.030916
40.729577 -73.989842
40.783112 -73.950896
40.723117 -73.989533
40.754844 -73.986743
40.726876 -73.988940
40.689883 -74.046306
40.766924 -73.982759
40.804672 -74.077793
40.666613 -73.798650
40.751025 -73.978213
40.583502 -73.660809
40.745531 -73.603699
40.669911 -73.950776
40.746723 -73.992557
40.675282 -73.974993
40.764296 -73.973620
40.741188 -73.993240
40.742500 -74.000544
40.742322 -73.613924
40.738902 -73.613922
40.663740 -73.550925
40.677806 -73.455137
40.665907 -73.982763
40.763025 -73.772053
40.739289 -73.612839
40.766664 -73.983127
40.655900 -73.645541
40.758548 -73.983723
40.863747 -73.975214
40.663986 -73.980774
40.797317 -73.969958
40.747028 -73.593030
40.871987 -73.925199
40.719103 -73.985495
40.739250 -74.027509
40.762688 -73.984997
40.752605 -74.025557
40.760423 -73.985593
40.788567 -73.977116
40.784952 -73.978854
40.720384 -73.996606
40.749671 -73.994034
40.729475 -73.986181
40.750107 -73.991303
40.750784 -73.967567
40.746952 -73.985767
40.820004 -73.950809
40.780350 -73.976794
40.763440 -73.970405
40.779741 -73.950460
40.718570 -73.999918
40.72924 -74.002246
40.698470 -74.178485
40.600169 -73.503676
40.738234 -74.001942
40.689629 -73.992221
40.689947 -74.044461
40.748313 -73.980142
40.760191 -73.970747
40.729283 -73.993585
40.687911 -74.179290
40.754302 -73.984325
40.73367 -73.575943
40.726767 -73.980223
40.760165 -73.990283
40.760851 -73.968440
40.720822 -74.005178
40.718764 -74.010400
40.742345 -73.984979
40.760671 -73.974010
40.725071 -73.977577
40.763443 -73.995506
40.735123 -73.988919
40.742363 -73.987834
40.747226 -73.978139
40.735450 -74.003762
40.721383 -73.983890
40.715297 -74.003904
40.804540 -73.927516
40.753703 -73.973702
40.745161 -73.599671
40.720461 -74.003992
40.703651 -73.994797
40.719948 -74.008885
40.737877 -73.614148
40.737157 -73.613938
40.738835 -73.613424
40.736314 -73.611237
40.739330 -73.614809
40.737643 -73.613305
40.738457 -73.612995
40.738772 -73.614706
40.739259 -73.614790
40.738000 -73.614222
40.738020 -73.611809
40.737327 -73.613794
40.737083 -73.613502
40.736886 -73.612556
40.737924 -73.613981
40.737340 -73.612873
40.737090 -73.613163
40.738768 -73.612989
40.737946 -73.614121
40.738477 -73.613438
40.738938 -73.612975
40.737676 -73.612504
40.740411 -73.612831
40.745086 -73.593624
40.749489 -73.978900
40.748113 -73.976433
40.744687 -73.977385
40.745697 -73.979862
40.718752 -73.988572
40.721158 -73.996315
40.728160 -73.637621
40.763336 -73.978294
40.728255 -73.980830
40.756687 -73.982050
40.780551 -73.952777
40.730575 -73.578829
40.723761 -74.008515
40.776781 -73.924136
40.783430 -73.978187
40.851739 -73.880307
40.720355 -73.988216
40.727338 -73.986874
40.834668 -74.190909
40.734454 -73.485889
40.754485 -73.601520
40.754777 -73.600826
40.754405 -73.601541
40.678104 -73.973455
40.783872 -73.980002
40.765968 -73.991090
40.731880 -73.991197
40.720045 -74.001349
40.759846 -73.985892
40.729776 -74.003298
40.760772 -73.980077
40.678877 -73.973687
40.738616 -73.989744
40.742897 -73.618306
40.727005 -73.983487
40.762909 -73.977502
40.742376 -73.996897
40.748384 -73.984761
40.761463 -74.075703
40.751702 -73.973307
40.718022 -73.957825
40.751159 -73.604061
40.721381 -73.957770
40.733619 -73.446054
40.746710 -73.617394
40.730532 -73.995253
40.730473 -74.004517
40.731771 -74.000912
40.736760 -74.029491
40.760754 -73.983538
40.763116 -73.975954
40.729750 -74.003469
40.722587 -73.988659
40.771078 -73.959598
40.782620 -73.951086
40.754750 -73.973412
40.765185 -73.957927
40.688263 -73.978843
40.743729 -73.981504
40.756107 -73.982395
40.763207 -73.982351
40.735918 -74.000781
40.743093 -73.917587
40.737758 -73.421252
40.728549 -73.998138
40.744514 -73.597111
40.781554 -73.953618
40.773887 -73.983178
40.727876 -73.572864
40.732157 -73.984476
40.751637 -73.992762
40.721048 -73.981865
40.771745 -73.959124
40.751999 -73.977263
40.689587 -74.187390
40.739437 -74.002529
40.847238 -74.194754
40.667793 -73.983574
40.740063 -73.616477
40.729078 -73.987896
40.743462 -73.618153
40.744596 -73.602313
40.702486 -73.986616
40.725538 -73.984541
40.645073 -73.776004
40.747808 -73.986427
40.773288 -73.982303
40.725644 -73.506063
40.666829 -73.456491
40.688091 -73.997490
40.737386 -73.996497
40.737330 -74.008307
40.759927 -73.985515
40.729421 -73.989379
40.814215 -73.960261
40.683868 -73.978672
40.754164 -73.973060
40.710878 -74.166921
40.677191 -73.972722
40.756217 -73.967712
40.729487 -73.990846
40.735810 -73.997381
40.860592 -73.932870
40.717634 -73.990427
40.752003 -73.971369
40.754961 -73.973393
40.740340 -74.007813
40.756061 -73.966859
40.720334 -73.797857
40.718879 -73.797468
40.813726 -73.962283
40.767659 -73.970237
40.688873 -74.183994
40.743659 -73.923065
40.735337 -73.609550
40.727719 -73.600376
40.759465 -73.988820
40.757734 -73.992572
40.759911 -73.984348
40.748258 -73.605797
40.754403 -73.601550
40.751523 -73.604338
40.732958 -73.579376
40.666800 -73.475605
