731989
228553
381287
278096
579787
96132
260122
259640
151109
12819
570378
14148
23261
123063
23741
14151
461283
74229
12505
114822
11875
373731
921300
1186167
19721
355828
238964
11844
119950
12525
144944
447189
341954
84209
260957
128129
130812
60201
377778
864730
17680
284518
95319
30606
17417
33696
14936
71284
11720
789090
832965
11807
441090
155779
670490
14937
339024
154588
928789
165658
146932
156741
146364
12530
193905
21553
212021
122974
521373
133542
12946
12133
153798
12526
58030
11835
12973
16907
12345
12174
12348
182358
62478
158624
28513
165777
156266
93136
179685
58414
180238
12929
329538
870425
267791
349982
416407
1175079
1598457
243314
24963
107406
305835
198817
45890
164042
190203
39024
16919
109453
88482
103328
27372
302719
188198
380769
106840
83043
30044
307164
70152
85696
354306
35372
85335
87224
127713
785336
202243
238974
208417
23940
222912
37457
420599
225824
23744
13048
351229
746311
12524
336037
22168
860804
1328742
12313
57871
111801
11847
16350
100459
787272
13137
80741
197507
163333
329869
480808
634292
94429
377338
141996
366253
747148
134990
103707
12535
266928
1103098
109910
28089
114039
353162
32881
323506
184121
376217
157926
568981
361526
312476
177513
27180
148130
918681
48762
569001
47561
154953
17711
11824
11711
35513
47419
12828
234307
159087
99113
171118
615156
144902
481299
40565
1008068
239823
53717
985409
32674
48524
928973
96295
1015236
249755
735670
17710
104875
46728
84857
853327
573833
941584
105121
11715
486887
47598
59233
660674
398350
579664
306114
298483
60777
298156
552599
78865
28948
492642
27278
1244861
27917
325075
54912
416509
397568
355130
13022
163416
62650
228244
231271
28125
49729
22811
70798
55320
444082
458830
812504
29449
12171
12164
12349
50370
814489
13731
12168
912893
661448
724788
418235
616767
69475
22806
882269
390899
395620
294195
314803
44690
163897
505637
147536
314940
267599
267957
236996
51896
167174
588944
11838
546229
237368
225844
285065
174185
62616
34484
248873
71231
759510
74268
267566
156923
24785
68605
255020
58108
163887
405144
19942
65193
22539
360301
11857
280983
383836
157396
893264
11839
11858
632107
296249
848079
146641
1567506
97605
305412
377847
262515
22510
48518
293079
23053
80265
377798
448256
846829
846815
1064995
938672
89725
48691
78403
15998
199847
280245
1122541
96977
208877
197270
102411
203197
471885
1308099
291557
472473
361266
1038879
323968
374380
11834
963943
513490
72046
287453
12649
83115
53711
79013
874780
305148
358270
358063
617988
173871
212318
27719
361642
15451
16904
249065
37286
13657
196211
530522
462113
16481
194920
1007558
321042
1933724
546953
235186
68088
23705
579338
645427
221014
764263
518325
210734
105168
77193
62466
480037
165882
1157895
853505
777521
1285911
52393
12871
60450
321012
651140
60496
101538
533845
461330
48521
318387
631181
96896
596519
16623
143320
11742
19822
15169
404296
11794
1567837
73509
127898
37705
595979
16397
87914
27836
624308
105068
34817
15079
266450
170718
527664
314297
79586
1085341
48525
480377
224611
129122
437597
693600
174718
49002
1342935
48513
19919
53705
339370
528283
11797
11747
63620
396990
12169
314281
440689
823033
440680
440653
339393
1212301
1426458
209918
82183
80798
12192
297693
47073
1038175
202367
183017
24077
662443
28597
1352217
1077546
656081
1517890
185661
124646
12170
722354
184336
185572
1120681
421708
1567916
1020472
1020512
1054987
370373
80780
136718
12167
788205
390916
87667
340877
440774
454008
607634
96335
223336
616904
429680
440631
80393
440510
144928
350233
519405
232052
293327
280072
12166
373051
12153
12193
12144
118358
12145
179980
19926
454034
421494
26891
623366
122879
193773
595489
165765
12163
124488
12152
1030153
353541
753374
440561
393605
12147
1037668
1426529
756568
525271
201929
12150
147006
820403
324571
1015136
12162
12148
307958
12172
12159
765240
12158
1014950
12157
12161
12160
12149
12151
12165
1372038
12156
1261717
40877
747177
307746
1072554
314241
880510
13923
2379393
68488
1519050
68235
301950
948664
13666
47995
249500
13661
194421
889434
84926
91255
660561
1005760
67247
22529
312063
60872
423481
353503
983036
142337
214158
43912
1350750
12176
48514
48271
33366
194358
19812
287964
370040
12175
12177
314158
12185
11828
388700
1078976
1025029
441191
672083
380374
12188
12183
874058
12186
12187
209379
649751
956748
19906
12173
574559
871024
353288
370028
209251
486179
209309
353344
209417
209312
48495
72012
171925
114245
184218
122954
623007
438123
657282
661607
176536
725231
103730
798425
925386
199160
762761
11745
1363258
11752
46409
941206
273041
174475
34219
553961
275451
446717
732507
193507
111147
86140
187555
964286
689572
104489
118849
432421
681695
434000
1140908
59858
818833
377817
2153501
366679
715645
1116038
22639
174374
548309
75585
20303
201105
511356
108167
479548
91271
427307
26618
266077
1218972
11736
11784
197431
659552
316442
11738
692093
338320
873968
308731
12181
223233
441014
12182
12006
810156
11975
738199
73681
421793
12010
899649
55477
154608
11751
332693
1472684
36585
11750
1087945
11744
11746
11743
266916
92354
12102
310307
93704
12115
12119
55452
437531
12109
12112
304447
11831
64021
12099
12095
200291
12096
53710
12097
112019
437447
307632
307625
437659
53706
12088
160882
264979
34946
30223
225918
28111
33734
88478
5084133
65871
721084
12536
19762
473231
150332
39358
14520
280128
811864
95281
302281
26236
58911
9818
48512
951837
19523
75909
36049
836923
473413
1053817
29484
307729
12189
87465
150676
588579
792131
262592
1114448
660563
19739
142898
93160
172055
1102231
459767
931198
324783
335829
899963
393166
552983
170943
170929
508261
67586
46202
318378
687117
12083
468113
12090
12081
12084
12092
12091
12086
1229205
12154
12155
1102223
1015206
12126
12128
461495
12129
12125
12131
452877
407730
12124
495796
452890
12132
128187
1102208
1297578
308257
301378
5146738
5207107
202256
376689
153115
5277657
11721
103401
11722
3075267
295216
650823
452903
36669
441601
12120
446394
426765
12134
64029
468212
381858
356355
983219
106975
54916
72327
365404
77503
103599
148006
413871
162002
336811
351651
68150
51266
68571
83259
28494
65947
544154
171638
347924
382873
397331
210577
223855
800491
779165
338393
497853
48713
404981
415637
160470
16802
192251
463128
28031
58496
128481
11749
936529
497301
218783
313976
527446
26710
225462
45589
104439
57706
440623
161579
85928
220723
142797
1313535
212850
474053
65864
518422
45946
524678
12488
14938
146586
1102213
147124
2069791
605433
210448
109714
38463
158468
368895
40284
948746
178124
101072
279004
212323
34026
463886
37421
265915
365878
487232
702423
176471
388242
188379
378211
64681
194600
87994
75793
874702
552336
58823
125127
100867
1123240
99038
21875
914320
29002
2885740
519721
479503
212271
285517
76345
724738
1545684
48510
34155
926885
139172
286596
682807
198716
15895
307329
215586
405710
652477
163605
422089
118870
230914
1376508
53535
278880
433605
232055
353516
45616
1468418
776728
846170
264418
415982
245218
198964
653453
709663
256210
526262
862987
68249
129741
483442
102381
1245384
1047436
1013178
28072
27867
442465
1530542
13116
202000
80001
820869
338298
226485
129884
228756
152769
49675
49616
662840
90014
36247
204714
140318
33634
280198
416237
1365206
971699
682747
230295
204645
190031
93517
55685
206537
890014
184285
176668
459276
113476
611009
158533
479992
112016
201066
155967
62612
492239
24075
85096
898544
48496
78956
286703
109887
231853
874016
904746
46771
1336618
12191
12179
1217846
2584388
1162507
486742
19815
147560
336941
712017
192299
43723
972035
790995
269269
679606
640183
557094
255101
744708
1165047
12994
287901
3098978
157229
23051
662068
442251
23731
23733
345328
71798
110008
19777
46445
554134
891352
638686
76944
23139
889498
132850
391557
12178
294127
48631
12190
24387
190562
462874
161753
104364
255843
955177
1050753
11826
678081
224770
116677
441228
37749
314970
46804
40593
313024
903066
538600
51711
12529
259463
422189
861197
11990
11980
11985
598725
162016
208429
199418
495356
141817
29005
619791
204508
11983
595511
12522
260216
525701
112755
631251
883860
302293
19921
617906
50033
606388
437422
351514
46986
107143
183843
140388
98902
574326
60804
232157
290923
347365
434198
231325
64591
108780
551839
231760
174402
198993
38567
122184
681442
442980
90768
80016
1222599
11827
36913
387409
199073
140488
677742
280891
31371
351503
880295
773500
111810
42524
445964
1154058
139780
178453
1175519
398432
518424
1056372
63897
1131060
199032
55733
139544
687055
92390
46830
102438
61631
65805
398859
44092
990606
11811
11809
448367
239233
786865
528003
219563
315926
236968
411550
12947
774081
99299
163923
157826
66989
58176
117117
103762
317311
270758
100214
489669
1596406
724549
529011
32878
218702
812290
395036
24395
140172
627655
234799
661093
226961
611840
48029
85697
244214
748287
1288853
202632
761055
133502
417419
56216
55744
58322
740780
405417
164908
202509
460509
109328
520213
520273
570343
30777
560538
16320
166907
146591
409819
92725
567064
39907
76544
538144
78456
283724
69725
43321
65641
76360
418188
434103
46785
1205520
106550
228233
377920
442706
122472
259461
46777
329826
102632
16119
545286
411143
495679
55229
48230
356400
784914
83487
176729
120145
65920
326100
171425
502643
408252
463714
573173
179745
324227
100204
448516
194747
223647
109729
13046
171954
142254
11728
197220
88464
121064
1222359
127624
3452545
173765
22479
102764
49633
275993
502349
46791
4626540
310401
486749
144315
100410
55734
486348
914368
561539
220319
701416
752716
455484
220130
183544
329399
173822
401251
759957
27923
192220
180567
607472
100206
2586382
317322
153899
17891
658441
176602
636683
104462
100635
342328
62327
101330
893356
209162
345731
310278
139791
1333642
327122
339576
134031
108692
259466
353759
210681
574524
39388
111922
331407
112800
412858
736567
390499
44811
35033
422506
286922
427844
203571
62418
157331
267193
316631
99606
64534
415223
179572
455056
20182
25323
418545
132282
304056
496537
979329
258903
208377
212346
440770
480356
599760
440793
443663
22945
1094899
437882
333066
411209
80941
34292
427308
78142
510555
68727
196975
31911
60024
326027
70856
160750
79735
173958
224754
801839
506344
65656
41401
223085
221628
893303
506880
239742
172672
291392
207491
143749
48748
220480
159676
64519
634751
209832
560076
376894
62805
398334
579237
456858
426583
195580
573569
214691
164496
607066
11712
89986
474190
177792
222997
340951
68184
624853
589294
34982
125335
212314
215407
453523
383238
109598
976185
1209559
222838
341568
28797
413145
12482
356756
60763
212299
1101183
67980
171431
58915
697034
80884
258577
46363
39399
743571
37073
487279
46730
480436
1046872
50700
97588
524394
48499
34338
530455
91739
202215
1086742
246725
27122
793657
172699
58233
36834
229580
27824
99635
68721
663430
174531
209536
68528
192301
72330
119779
267267
84240
43409
45307
247661
165169
75679
936078
305052
90346
1181567
52578
588506
281437
724387
215332
36035
697014
721003
170116
230872
39469
1494227
64203
41713
90469
48017
32690
1429494
27287
325882
355529
432271
469438
209452
11832
54895
151065
460931
377371
745886
683052
956574
86073
38142
99639
30170
298508
47918
143862
3785548
171318
93056
119218
77440
383440
33283
114176
579459
74050
122753
210787
59204
140489
487476
442099
41853
236222
226883
35568
37736
940140
283367
45321
317227
107060
172521
893326
359223
383730
1005307
12633
199758
676822
148252
87942
12614
179227
87126
37502
235930
259789
357695
59243
166234
328590
149490
155628
221180
157129
101231
57764
191665
206941
265328
59056
461605
296284
171759
242142
920807
480889
194299
97465
57703
11795
1320874
597968
333475
242108
985100
287970
182171
447815
27379
298816
510859
956589
1109314
24935
309311
336843
118080
925118
496294
68644
111752
84860
709318
516307
586682
281157
12838
396251
281096
872604
238950
56622
67055
52805
1505916
147501
360891
223674
265841
19819
104867
634329
266220
189465
383564
79162
199713
90564
62464
83569
1056491
321226
43743
54415
100355
23734
839951
152249
79609
187219
334113
615352
418171
27343
432857
893256
50829
152166
270930
331891
44810
773110
496330
359530
56868
308155
1144292
818753
366729
924385
65254
1387933
309419
23745
1013187
632742
474205
440432
54906
61283
165669
389950
172170
363834
255810
1264740
314420
22996
331426
54945
140200
1375563
23746
680297
756624
220989
46358
144292
99492
40722
11995
668150
29514
91206
225371
53984
192437
178335
246671
177887
40328
64013
148100
52245
40329
265870
527896
13361
600337
666753
583180
63622
11735
460528
118809
91244
87925
812787
307210
450651
497654
101051
163249
80968
296108
16812
2158717
137292
49758
189516
226967
34957
95383
58388
248425
268515
415994
873393
225491
329019
918451
92423
1552763
232142
146227
37001
814000
42989
166566
117088
513493
542128
46452
13752
267380
265044
172157
33909
189396
1538672
539495
52923
426848
157096
12993
818620
33596
1175265
41944
178179
546071
31530
525637
241424
83328
491547
109602
662815
69280
747119
12506
356578
341874
2217709
462406
111967
167217
93276
407812
256018
19884
280264
294062
713655
802412
39670
502348
284775
417421
433593
290502
611315
554140
278950
12989
101352
298734
242953
279420
262636
29927
107363
356326
109644
319042
102250
30183
167148
856498
166194
1345883
180079
880812
86144
233106
299102
408784
1231635
1356124
325992
239785
203370
119917
202760
87437
851453
1024847
11860
96513
123333
161797
1050770
334657
1431386
1127374
262047
124493
864272
656376
829352
160851
885802
571974
329712
119969
299092
59697
192047
158178
210486
40459
281581
186507
88260
314496
459702
425186
360860
59040
39476
512337
826630
956870
205059
803312
146560
202398
304436
297580
162503
686968
195689
787800
1078263
703734
91967
173468
196621
48497
234791
249927
92455
51544
172081
154386
99426
898205
95928
370189
394826
686763
59490
513933
453868
351130
46874
366482
185905
297451
19706
440139
847839
242647
441106
226280
157879
923111
301297
693665
19797
22836
106690
375274
426082
306161
924971
16975
803912
13371
327028
1006160
453988
84475
535093
179870
502435
2247921
416951
11781
416345
51233
16803
27953
356819
611928
819050
1414863
1182761
1042357
539674
715001
651556
267232
114090
582595
356629
707039
774129
268299
1131767
243151
579439
924179
70613
756479
197170
1538879
255343
1356060
274618
54324
431417
611717
433329
21639
885966
243388
143013
26211
644459
1413747
923243
57892
644501
231772
226360
102434
1307001
197071
3451651
190815
128167
1046122
37523
109594
486580
563409
772862
298562
76585
23207
1268884
949687
732196
346087
445711
66971
163143
286895
520331
136499
54173
509239
1349288
184187
444911
92204
169994
729309
106026
108760
270505
58063
228251
58054
58070
242445
252194
37365
881091
1073096
1557488
162097
47705
535239
82731
67965
385493
1255934
324833
353942
45090
1337353
109672
177549
696306
125688
30624
416854
109808
477813
61564
1133807
37048
812368
543678
947594
677136
178995
596175
254763
122085
285459
683113
44402
104156
170414
37080
947615
530651
163215
513818
92181
307214
123893
353261
427816
717807
64528
46939
247647
75664
53713
99471
267120
391139
193931
243125
59489
120817
681947
1049410
88185
119858
1258028
739424
417502
187511
652542
46348
607503
279481
416248
475885
384004
205284
28272
513801
504160
1205097
349963
467710
225652
685750
72267
695424
147882
33960
621894
374974
632073
617062
765622
648789
67374
183846
252193
83218
39635
55726
222577
300132
34251
735750
291108
287382
165672
226986
154232
221079
404420
275882
1524931
162595
872944
1146965
411602
179906
422235
422273
411619
208800
184615
411622
121691
124624
273725
911150
109632
608352
161558
287965
186328
156450
641469
201226
487090
103836
262885
187669
494084
52111
34841
154174
68557
387173
347249
481620
241018
215957
668243
262547
398223
422618
2436072
336948
389750
276396
267982
32590
35586
998186
783492
35867
261503
183897
422346
112021
298218
312049
470613
916978
235218
293430
693141
114183
428064
1591532
178661
64695
616690
877929
778430
152115
174465
17927
295054
555762
530345
269321
91220
30493
424497
749094
129729
323296
119062
247037
11753
314835
170900
19817
370297
410231
214978
290000
599767
115548
104218
37634
119549
123444
213125
601923
728379
560986
23729
225671
246839
208949
12199
830720
125923
31392
81709
813842
157681
30766
126063
102363
382340
53716
466288
466324
171097
170478
52834
110516
134356
1034621
84734
181947
162349
12037
160312
549368
446957
151272
304510
446289
370754
67702
160892
658613
138102
1687096
254099
237603
255447
209100
93327
552060
408559
230463
269300
645146
247690
777327
162075
672690
413784
272011
12531
209779
578479
238857
374962
267819
529603
96990
156176
331842
88004
704587
390783
63044
507091
139375
72025
12184
114016
109968
626323
1662359
479563
298556
246734
1172024
409451
590367
27126
566446
148064
116499
157731
201310
181601
712744
759479
715784
139358
298086
360541
1030939
348845
463573
890985
963196
236405
42708
266602
487799
748034
126197
58367
266330
170469
466873
196241
418439
382077
334086
930934
140503
59533
214921
199737
923113
102512
408142
733708
38296
58795
657449
78751
45086
69477
340429
247870
740603
1347193
48076
184253
593468
1358151
764747
199599
1018563
96713
25183
33835
72172
72235
462728
543765
176409
59679
178035
31004
565562
314510
474256
207208
301643
259185
133474
127346
108942
183116
245811
409764
910210
409711
471115
310490
318996
595453
49765
17323
156519
1249033
234936
705376
87300
994029
109877
252680
1170512
154217
287443
1084062
410441
110484
495455
1093355
264617
158523
890902
104838
61336
452650
248150
212279
246962
76853
528095
105854
520337
665685
337390
187499
326591
371485
394341
19795
28542
284656
219493
100920
23777
76871
124528
54022
56243
128448
48320
521470
190501
3361070
239361
293988
131377
177700
186458
299185
395718
419078
358116
1161227
243498
210659
87958
297981
72901
757967
220148
309922
203289
342092
556330
59820
316084
62838
180113
407634
341341
359496
210723
422308
156420
55671
915236
257694
175052
39886
305389
1085976
441161
874030
1490378
839368
872957
765414
226623
208308
422885
133029
200756
123716
1176950
269414
208425
31350
207035
123831
196558
172381
395731
111511
767370
459294
482143
246605
75889
170192
1370479
62192
60219
60947
61456
323824
78472
53121
434760
471454
16859
577859
24388
415299
213696
45350
17051
199959
62545
29067
63041
258635
497596
998420
144548
299972
127894
171474
323792
257968
243680
37969
39876
47282
395754
201965
872445
111675
321819
892869
22418
489453
285499
1171762
266384
376209
278895
132598
551436
1044445
165949
386470
215003
279999
187721
623884
339262
112074
210691
252256
173911
44109
147947
77042
224795
14285
269858
443744
295282
175339
606890
122503
395735
12523
865849
48704
188219
272833
46988
215438
1122328
71287
56831
366320
358251
71808
70653
2588356
358612
214778
472196
297296
1115858
551158
116863
183572
610217
72519
566448
603823
204502
199263
242395
555980
307740
194117
395096
54902
272589
35846
116379
570779
144731
916833
748753
72408
562012
486869
132012
222591
439467
425140
46591
1150876
218064
37819
110749
91821
279375
739460
28796
150161
273251
124574
336149
23742
95865
512901
23735
149897
44799
55022
12008
366996
266744
238709
143942
266948
124542
786468
403725
46798
170720
1296930
48516
290759
34017
36848
123189
15992
764864
244810
315963
651594
521468
295578
54889
107037
703965
417137
11724
202928
118901
11803
93197
275343
22501
391201
445790
1445745
718976
70552
391628
608176
299755
46342
247317
115340
124838
319971
393890
100537
27885
295400
1169713
284844
1145397
77390
632518
342347
681662
33849
101681
188011
500693
419315
1351535
205601
725059
342095
434463
357686
95646
75093
235927
212306
1132016
334016
70851
912138
864994
59060
90120
492561
77442
29711
29724
220000
230305
883779
70482
101317
120313
1273638
110852
808043
350722
458292
401367
1213971
294796
1443205
46774
710481
361302
422296
1131691
154300
90491
142618
411605
84843
38088
570356
25867
205365
207447
1086627
122084
613455
72948
158241
207321
528985
79234
469020
179874
40420
140416
41311
326478
23722
214335
608474
486443
677952
299903
146057
377466
12821
753001
376361
96720
144334
190491
55460
91188
149326
262974
187940
146028
439929
111014
13389
276080
352264
743942
766003
598790
614499
217259
737547
164424
111033
135998
508801
43065
157719
799795
1478055
58822
305049
499146
146962
280578
85737
452173
265880
589631
635625
210855
99253
710027
124568
488050
161073
105123
102386
490887
286998
213477
75171
59047
87932
762461
180536
169542
219020
237939
144826
1110164
2727144
142529
562266
431570
78113
1023733
96784
401675
548505
682880
122842
174269
42503
217248
90443
93228
513319
445635
47083
52751
255019
91210
349054
338407
736242
576893
59678
475260
279079
453672
368419
377141
197459
153689
276014
316802
286177
212353
234530
200301
57029
312953
382509
212283
772349
972311
676766
90241
394738
60761
765945
107072
298905
84469
111277
128019
555557
67942
321345
109876
36750
438318
26196
227072
104520
874436
232781
982596
48046
365797
178308
205213
77742
257313
84615
219918
34078
31779
85786
226616
70796
608747
214851
398312
59841
54084
279701
383029
188530
389439
243848
11790
11740
1006648
28593
13076
279754
12574
318611
169198
475665
192685
882693
48494
318496
171123
107517
201969
786414
62696
267761
272670
58800
116900
283325
304150
140309
61173
286129
80971
206819
305219
594184
487182
652014
164584
153998
1114454
284942
451697
156366
35581
1310620
321749
46917
999578
129673
1499002
129197
212289
196546
102696
195856
195026
445422
58329
191524
59101
15216
84885
90648
217223
215342
284251
1038452
387801
99459
1502751
372074
147726
190550
695494
172247
37312
46819
293311
100950
567858
594285
122027
824748
249609
813309
1386200
164427
997912
56896
287110
298605
977839
142158
304443
313333
924799
507071
764541
450196
196732
1101562
79691
580488
101818
344068
211629
113824
108147
194888
210994
37403
27498
116584
351745
1083928
1022601
98151
50065
1011654
266545
87281
129309
41466
165438
1105561
208322
471007
242359
125674
846218
72882
87922
780336
1055324
32575
92980
93158
232081
50325
222811
351670
34363
927248
554392
446227
210777
293343
243049
664730
1513122
1514523
1514560
1513095
583422
156628
680110
1187563
37437
87688
180184
89674
122750
1171985
899885
171420
273278
105134
46380
549646
38062
763980
142984
58186
542231
36148
104402
123123
242355
347446
144269
353164
170514
904263
1238282
496475
907477
652041
1033591
48254
827142
520880
349379
146616
425083
799051
833339
59113
173656
821090
174408
194402
591648
434656
224100
1338712
310088
492564
245760
80431
947685
557112
243146
398900
316435
1049017
1537421
348961
30964
1247079
896740
190995
199679
434056
483099
208355
297808
648825
421707
627960
341790
19713
248840
127109
463689
929375
900933
1237404
1060446
398794
287312
208980
1007342
538220
323705
575445
419781
1191825
50733
46654
243637
362856
229315
220782
555470
108142
444112
235808
340684
856723
83203
668103
54602
650165
410639
418536
724324
341223
292134
196387
399976
1278608
243165
452381
353189
261259
45089
70943
170971
1096898
68660
343810
81937
354045
73858
443501
527937
48001
187665
463547
88556
197150
139894
196405
159181
339224
154827
864399
62689
54888
85428
1578019
220730
634928
64197
341303
813035
731572
159470
219886
215848
156685
390741
269278
61909
464281
183552
923789
102703
564864
949190
149017
976039
965577
526508
591431
52951
274356
104167
337394
748895
463534
75136
902793
99470
309225
292359
196809
1583542
1244961
174056
146540
88730
1174856
2387407
287820
62730
267916
85324
134683
101922
80680
253215
37036
641826
298195
200561
235528
62172
3683814
687586
341495
1316096
623510
262016
823247
1256932
31820
73864
310008
245927
239192
307040
252177
636806
787499
331362
110448
233707
204673
135103
603184
441925
99335
222616
300010
75528
252007
81821
190541
205400
246266
70243
210884
252140
1526258
520238
993451
482472
579615
944766
347775
794450
65421
123604
212898
1317931
520638
596480
203619
64043
249153
181566
226621
214989
606228
226894
496552
109484
566051
1098627
239173
191542
36989
109890
211115
108823
111020
262075
234649
69446
941249
310125
219933
659980
299802
162160
607988
220596
697094
446515
302791
469654
201574
617209
495994
178501
298340
433817
644184
71652
524107
898892
106421
170713
157380
72348
163415
181526
493062
1158760
126242
109606
102479
51159
75054
324658
947177
409743
154484
283863
201568
159406
458462
333849
179832
568906
192407
561796
1015224
258517
199421
1290322
235615
353141
140396
92508
2260352
115030
76449
319017
99489
362769
372269
1004437
212245
502212
760277
474174
680075
652444
262605
1033633
161594
269345
386073
446611
412906
160077
356852
98665
729466
332301
171633
48492
561229
1327591
817483
652262
667266
1108551
50330
591203
220164
171708
39138
196278
143182
453408
694489
454806
116462
107260
249339
200359
341448
1109411
291227
77972
98364
466082
1207715
1300766
780273
390838
331187
457413
606092
899521
143047
232733
151269
1150231
223972
306518
285865
442514
164621
884920
101634
200881
368484
329166
275028
278039
215419
528126
319036
590701
213920
578058
92085
809743
148204
492929
202559
538494
772025
571713
39862
81897
701787
157657
513878
58793
158069
189588
168067
408325
372216
93151
914888
1213322
1050522
331132
315077
820220
937075
212343
922793
554222
645696
246014
578999
676565
1435962
949581
9438
183711
736146
296856
312464
201025
507320
892712
261882
409643
171512
70210
130159
509820
757744
72805
486713
585775
1212003
88214
70848
255715
188657
491266
641403
254096
391764
707352
154786
384197
60898
246542
416127
677152
62293
138808
249138
617937
654341
546657
556855
513161
210487
574865
208302
848645
688925
242634
238836
434991
70530
728998
446540
170706
452909
495831
221262
136198
574991
1142316
48498
201207
104566
28813
22113
37090
48011
764634
451094
520562
316311
1072906
281167
840904
256207
1537978
285009
158375
3860734
897196
754661
27296
432315
86413
923815
420196
520712
453494
452692
161475
934041
1190045
513893
102582
165115
928929
399247
172422
212298
231689
33816
1042871
23728
911562
502688
199746
596209
141785
55633
252147
490937
461186
398565
492168
341106
23283
53938
552612
772134
772122
266823
213844
160333
194456
350502
1034913
512288
143256
652216
102066
798809
324748
534343
33078
935634
554196
560886
573460
142379
38143
2052108
385548
146060
114010
241408
758374
838115
382731
1091255
159473
172513
117067
897253
51309
396792
1273705
561676
2048234
78096
98940
210896
573572
572075
440607
637059
840131
1269443
663196
897539
493147
772613
434556
224231
1291035
611751
555167
54471
66270
486140
634603
137902
942628
89474
492214
235995
1328571
763220
1170390
198250
4372578
210958
1199376
137429
754329
1009408
666209
394616
511463
1364888
1351062
1333615
140205
142662
1047165
1114355
59032
88268
877856
1099662
147735
376532
1094067
356837
917940
109591
287974
310645
306624
652282
603868
738207
779673
1043173
171594
80923
1161030
1006169
908482
760228
42686
503879
1171692
179182
132977
807725
185926
463237
541727
810542
356695
434031
53709
202316
603300
126350
398462
607719
1319192
594878
1300565
588384
112001
46781
924100
1518063
564505
3782929
34132
184089
562347
578846
502305
104822
453822
512310
230381
309049
208311
188336
209173
801656
668375
173568
340572
205826
927129
248066
160337
585576
355331
68812
993690
126128
180254
317129
37525
948782
435143
90458
551891
99548
814248
155808
197125
529573
706518
201639
53699
159581
218753
197933
197274
237126
22327
50641
865027
194872
153515
778829
195363
99647
998990
933174
506110
801356
131178
71825
118770
172079
49790
179463
136172
402418
262742
304391
226700
226569
225798
331715
268602
37160
328270
154677
12702
59051
468898
106903
502274
71987
755621
334670
416134
45874
203500
352042
200402
873111
148189
732898
78851
99467
160793
851661
132260
421655
916245
128439
208986
1414410
932800
628893
787602
32357
59399
55456
58819
55445
50803
23751
486378
847168
731109
667942
624194
11972
525377
107345
169924
53955
579203
305926
200448
1156392
64343
396649
325336
214770
418825
443088
447560
942732
483070
355858
268642
238424
515835
402146
156762
119186
1050835
732900
142694
231886
1042073
173461
414692
64369
21647
341142
934417
54061
381431
18525
374125
38045
766037
1580648
46813
16088
80948
900010
339749
27349
3011274
1043046
1000715
68610
409945
584447
11986
1358777
315869
1161025
377658
1167528
422179
996541
664354
390012
243546
592224
668684
408687
408323
127219
152812
296158
307856
427054
637240
317038
160967
154519
211278
509693
1286952
657505
310194
474801
1055765
1514537
64025
115800
150141
371335
438782
287515
365402
500062
141918
465831
357820
512753
553169
123039
315451
82640
1345885
46450
936386
11974
59234
91539
1364326
568061
451498
923666
106558
821021
415799
27240
500591
110013
300048
396654
55191
183554
1264770
190454
530571
492380
753018
583735
258967
798776
504539
548798
740670
790335
590505
563998
1068618
838707
839170
819788
290944
543255
453184
1781691
554610
714712
904253
709779
935742
353404
797995
1205029
1440783
1440899
975243
542883
319934
160244
169961
220590
155658
226363
72224
360319
299500
160183
23100
487235
426971
555405
1053437
74669
62079
942353
592027
878398
525998
3143607
3144407
3144327
28430
405285
612652
88190
315240
91119
351679
450906
539123
813816
709172
497347
1015160
617580
1109105
865903
190853
411413
1205466
622136
140306
1150451
64930
172532
545451
1514551
900662
419931
158589
469142
629195
607241
214802
614236
13240
96349
713819
913354
475986
576713
269574
725093
805472
128664
879691
865474
296727
594289
310742
555501
1498028
757539
232484
840450
216074
911644
154727
186228
261337
46847
306183
266560
818600
628690
42596
81066
103864
663204
102468
64017
321388
459012
105831
899694
651565
312260
496746
659777
502520
468758
37307
108960
133752
564237
1110705
495332
495363
1095195
240947
294534
232373
555185
572496
132602
379073
596772
421306
5391205
536481
865632
924009
