44541
4985
35212
111
168573
55026
30470
4576
4935
378
9434
121693
3229
34933
4933
33460
75220
2798
175958
31672
27889
39588
1873
33807
196267
4649
89190
139965
74120
10980
155436
155435
33699
23645
78680
126570
42838
0
1999
15593
89697
42836
83729
112458
776
33799
78453
15594
28452
78450
91840
27145
125857
574
154718
1546
9221
12086
79438
4579
116671
146154
53
155479
33470
17773
84879
155482
121685
9225
119600
119601
3380
39536
1351
6598
125868
36282
12092
103242
155460
155462
75925
75239
21176
51905
87518
32777
19675
118511
53527
8620
116669
22566
121002
182188
152012
79412
19696
2080
43527
35225
256
8159
119585
19363
152914
83131
157819
82730
62654
121453
34425
4982
33474
39532
182189
146153
118523
185290
157169
42443
72951
3302
107483
78480
2081
19368
137373
116215
62651
152912
179232
44562
34921
137370
75953
3379
4330
126561
5267
101645
4332
75955
8091
4572
120021
78482
74121
74122
89705
129314
134618
137346
179238
22377
155434
46402
997
28756
3085
196153
157830
128746
2255
7673
35836
62658
68240
3805
46021
113570
64119
187107
128758
152887
143
8703
57589
134607
23665
29642
5384
21689
37571
5114
183594
138039
2913
26265
134597
5117
2852
56568
8423
16428
46406
112873
151234
128767
88111
88110
97094
128766
24244
151229
157196
18087
11215
33118
107634
126904
50613
193851
5118
71356
20111
34911
31097
79281
126909
5589
31104
27638
128772
174103
34697
37267
117138
42671
152886
132614
28749
27519
194967
11218
79286
29647
23464
193837
152877
74148
1763
67286
8571
28372
88099
74145
18341
4342
2541
118932
2542
147179
126272
33796
56360
193814
7838
7840
154389
1587
34459
12666
166170
32359
4345
74150
153297
80275
5577
13107
19982
126262
185906
112882
4348
88366
36273
18337
114817
126944
13622
75260
13239
9216
66129
45432
29669
18336
39672
16083
66131
23274
32212
66133
73324
4349
157212
7661
183551
33269
126940
143727
39738
99119
106712
39675
2846
2847
9219
32349
1369
22782
79263
139469
33450
10385
31066
90934
90936
36275
19026
86874
13236
43889
126250
11855
34304
5923
31961
32218
2745
45985
122057
33453
3169
49253
89201
196366
75277
144189
46630
86531
120565
7641
7650
71344
73339
5594
1073
179
49810
49414
111563
76549
125328
75889
4930
125329
5546
77678
161338
32364
70530
492
2868
114222
125395
33139
13255
60838
3711
85165
5822
10645
12473
125327
2591
102626
33133
56024
118712
8587
11500
99087
34143
179890
161330
32367
5890
100157
36061
10855
70524
22800
40004
179499
117937
125322
160657
416
118707
77671
23289
5884
23275
58088
34296
31983
11494
1684
67320
7313
7312
16421
22790
2537
2587
163740
101147
56014
2748
123123
95173
58082
127798
103475
70539
161356
57161
70538
5818
115864
125320
102824
6184
33267
460
607
54056
71322
118679
9011
123376
33254
175739
24963
67337
118944
33151
67336
26026
11098
114242
114243
4161
26267
192162
181
9009
32490
17762
36070
77624
77622
19284
77620
10652
8590
127998
117953
81486
13247
14155
127991
59790
132070
88212
67324
5829
32488
60501
114245
32487
3195
4653
133448
74556
52887
10650
3350
27480
81496
47280
24966
122029
114228
135037
32485
60527
60520
130983
77652
10274
77651
55573
71326
39983
88303
24965
58096
120383
60508
39687
3464
77634
14906
44914
77646
110775
69239
24975
658
154704
10988
6608
24977
127771
4398
165226
24976
14869
118487
32660
28277
39530
7296
24972
4467
7294
41357
4774
143284
11794
55569
24970
123377
4397
114570
47782
24968
494
6366
3901
72899
44216
111588
147996
6547
533
41356
41354
34
125836
64159
9446
39594
165223
27132
6379
154690
55548
24980
4884
24979
100389
61196
29886
128920
26628
119898
33693
91460
9794
6549
22988
179923
8203
80936
8207
6137
61523
27135
12064
10412
70908
3903
177085
61210
4396
60871
72072
8195
29881
129412
179917
119995
26631
33681
39525
22975
30424
124329
2927
67717
92452
118061
72921
74171
32477
22960
4720
116251
32663
34480
3441
155494
124332
103653
999
111593
34478
136530
110806
67719
8978
102848
102602
72087
27921
24981
179514
123590
8179
91531
22956
3800
27926
55777
128882
126546
176526
40290
12069
56820
11783
127792
20794
3082
119889
1001
4010
47262
44041
7301
127789
4236
141262
165176
4750
141263
35
78433
68283
58071
22349
34462
193806
1889
45293
29897
33122
72905
4752
26964
56832
1888
3417
6364
127776
12078
159748
3905
7308
3906
8846
39075
339
53423
30454
2197
373
48233
51461
9211
137398
36336
21653
28551
49893
34483
1853
14370
85978
1336
116728
29400
27011
70963
83688
41365
4952
1800
1762
2658
32809
1798
31490
141
5159
72976
196524
34484
54
79378
108030
107455
8643
11322
2659
72978
2001
72979
91437
108031
5236
116258
120961
91436
16787
3791
16581
32801
84186
1797
4907
16903
9395
8639
9619
35673
129285
69287
150007
576
83009
1409
83011
83013
72575
83008
11321
83014
116265
30389
14970
19723
91439
24352
72572
2065
72988
49892
24357
5237
29828
34893
8737
44951
19687
141287
29831
29826
104064
109059
2806
104062
1479
6639
4080
31691
168478
34311
31990
82632
193700
79357
34315
122468
185489
22423
34891
113500
74062
29109
28933
19882
113501
87702
176030
6546
34082
19689
100435
33339
34490
80878
1759
136694
113502
4951
6641
74075
74080
21647
1515
20828
74085
97778
16246
99609
176028
116270
113087
33344
25108
19350
168489
33649
37811
35191
4987
4986
73013
133944
33705
34493
176022
7867
27123
6351
128704
108625
30399
8727
44001
34280
7466
172538
26996
26991
4082
113531
5274
125800
4496
91908
96218
37948
35658
2407
41358
6540
35659
79219
157749
6183
70656
194777
32472
1104
49579
32471
34323
20142
54066
125140
39785
62913
29709
37533
31015
185665
179306
2164
112828
23510
12776
19937
36609
64750
11577
34324
4937
36313
79197
26225
7465
158356
5529
158703
4320
7720
10388
74106
35199
74101
11574
64760
85291
82425
931
78400
31994
189982
29221
32008
156256
1174
18055
33494
126814
158365
83721
157137
74598
16956
75992
34318
34319
36315
2168
54060
27469
58967
156262
37504
9204
11227
4824
90227
37490
2169
83720
83718
4771
2805
36579
13083
84785
79142
34288
13261
32186
84777
13263
115454
76031
67229
29214
24344
24345
112858
67228
25348
1594
19936
128715
158761
13088
37477
79144
34287
3199
120531
135669
96940
105523
79146
45815
3129
72137
157146
5831
76039
57208
36568
33478
36564
126871
35211
4996
3351
34293
31000
89143
32374
7917
142
82457
154302
48089
76041
4523
196080
114507
32821
82455
79141
41612
33244
71399
4566
3708
3200
36580
84738
34270
3166
50043
4679
34120
10023
156193
9024
1274
41620
65609
57532
34727
9796
138070
34719
34722
3505
34717
128694
179545
17160
128698
22758
72096
45864
7750
126292
126892
152133
47392
120546
38574
10159
123048
34274
3353
85230
57507
121996
26065
125301
163004
11874
33162
141472
72094
72092
38992
52935
72089
61097
141473
128067
5538
41624
52939
17720
28267
4683
69989
34711
13307
22771
47233
47502
48788
150795
35877
94267
15723
11870
150780
29544
123047
141463
61109
61113
114552
175796
53053
34716
9032
2877
15207
18048
4681
108224
109590
4682
70003
5947
70002
68803
7291
17162
94663
39506
13278
55706
34700
71396
174033
70635
124940
27425
57455
124703
34131
34132
3463
4942
18054
41038
9807
162882
69584
32464
40134
10314
2875
5943
1674
57475
5941
74614
117874
29197
124942
736
32463
115501
10680
3266
65642
4939
151346
26236
18309
50029
10158
133114
151349
61161
61159
70664
5944
4938
2545
1246
18376
5533
114538
127553
22756
34128
40127
38994
34122
153029
125137
32680
61178
188129
61186
27428
115465
3267
124714
76080
19277
43310
3502
39118
7202
22
4913
10249
57886
29854
1388
33154
18939
44202
30013
6528
91945
121485
72962
6133
33704
139758
32683
5995
67798
39128
147435
83652
128084
141283
3422
115
125652
134934
6523
41390
6522
116275
87424
116276
109855
116278
70952
128096
4039
106400
132220
189409
114518
17458
13267
6507
531
159663
189414
104725
104724
5737
84210
117446
47462
9814
1711
11057
275
5671
39107
127534
6636
127538
40258
12094
39114
57880
20407
125659
13274
65654
104723
3760
32689
26615
72973
1282
345
67818
4912
20409
91917
123657
70010
5670
91381
1482
17174
70007
120980
2412
22402
116767
17175
15584
120975
165363
93475
3598
117274
15585
31486
49947
126522
119567
123647
19185
108488
1867
161075
132862
127501
6338
9930
3597
91373
6531
120974
159647
132866
141482
80838
89655
124312
53472
105847
39104
34071
165348
27980
4659
22561
40632
5277
91415
10852
165396
103772
104704
18406
34883
149968
35903
22400
119929
167723
165390
18614
139759
150440
35904
7286
72606
3777
4078
6530
10331
7282
7283
14921
95098
104049
49752
28333
32588
34061
143581
25185
33423
143578
3132
3235
13868
24289
157344
85331
7938
85334
109641
33424
137667
370
2481
900
157359
47612
67639
33729
154977
20085
157358
34648
104048
982
95110
16390
59685
157345
66870
85338
33730
85341
75716
35724
79908
122125
13008
2631
140347
118444
2940
662
67624
154993
26387
1848
129003
32837
29503
8666
2791
180922
143016
149898
32038
35725
400
106267
24298
24299
6504
2859
32582
33428
25188
12922
121076
49217
4251
34338
31229
42934
78829
121074
118439
32838
59885
191919
38542
157655
166504
35730
11206
20091
27825
32576
143593
48894
67640
86429
44975
1201
145652
25201
91326
23534
28693
32988
3236
32986
155021
25142
1841
49437
176145
35741
12849
31227
176146
46469
166534
49440
24938
116167
129016
118783
109639
26699
118784
39701
26697
24939
143614
15026
10231
66557
28611
15254
34064
27824
47619
157713
7602
24943
32845
24287
73653
7928
9631
155006
66560
80836
44391
71420
67610
24941
4687
84107
31439
34326
79877
115164
24949
24947
4902
155016
152763
152760
26380
155592
104035
36835
186623
6254
33421
24946
109640
84114
10794
154249
336
78308
71146
17207
578
66789
33068
73674
9369
74638
10398
186628
1132
37154
140797
12624
1768
35007
76718
71437
24591
45579
28313
43594
4536
15397
43593
54220
31601
36540
26687
74639
1134
186629
30655
32068
1400
95052
150276
10393
16759
34173
122439
35022
2603
35025
103842
4559
145053
59211
21166
64667
37148
133246
5351
32057
64208
11053
64190
3703
8957
12781
37173
81193
30659
30658
2822
4972
27846
31207
74052
71148
4560
49870
19897
175273
139106
31204
219
9382
1769
2865
2105
34631
30656
18421
66796
147620
8954
2268
4646
37169
126613
28105
72341
28106
149078
72339
118016
79866
153809
126609
118025
5003
13679
102536
35044
74027
26674
12617
67670
91
167542
155577
190023
16385
4744
285
34640
127707
110717
86361
120822
71469
105307
35050
5343
186682
120829
4943
37110
59263
125123
33062
65046
32319
104102
37856
74049
5001
144387
179642
33065
144370
29530
18303
24019
71485
128341
158261
183263
128340
8950
49886
32044
36552
14673
43282
74732
143567
78269
46186
143566
156610
4944
54099
13670
33063
29316
54102
33067
85443
92
78819
5862
65037
121061
27616
74649
38073
3818
49025
151365
178826
128326
86395
155570
4903
143576
133612
4302
65030
7275
159263
28443
34340
179628
65026
82885
27838
156605
2329
127704
90138
59661
59663
54166
30627
104101
5345
82887
121856
29310
71159
1543
104357
2755
49138
25734
81209
3555
41479
5000
182684
108081
19193
66019
4998
10483
14658
70807
5280
25728
102551
108082
114307
82901
186595
7272
102667
120507
182676
92575
148969
498
22296
114124
1014
70815
4420
4539
73637
718
33081
82464
165697
26197
17426
102130
128355
102129
583
17423
106479
72370
119034
5440
119171
120494
24041
23214
137243
26911
2555
6592
3162
26201
60904
218
6397
41474
73639
11593
19187
10492
57341
119325
119029
127328
120101
4817
4945
35188
19068
22541
34187
52725
8336
60252
6499
34190
70791
71151
126803
32386
189466
162729
36561
154274
11119
63355
1708
7148
15286
10409
42629
108450
112956
55928
830
13568
5284
25935
51350
51343
118914
118909
60241
500
49331
178800
501
178801
57342
1706
108451
13691
120097
3447
65020
3165
33224
5439
126786
12604
38520
118153
10441
71154
26214
70803
63352
98706
36556
25937
71156
108447
54513
6411
32384
126787
26217
37082
38975
68424
76703
3661
6296
69774
3885
61455
29180
114309
118922
51352
72393
36559
92560
41643
60916
53167
95625
58641
3663
41299
70776
119320
68443
6947
125737
6951
12933
8343
914
4785
44474
185595
3344
2947
52272
9629
55246
19126
18605
26371
114711
152726
58666
94008
13309
5722
32980
6258
142998
829
120107
49964
3870
46456
548
372
60279
25136
48047
34049
14745
129636
61428
32982
28635
28633
134418
44485
28638
8341
1851
60942
56741
44063
10368
36017
121377
125741
134876
47601
161628
25951
5285
118438
95584
6490
66490
2968
47599
22533
168295
4243
25958
114288
125725
6930
3602
8447
13322
93432
28617
22272
13582
36004
118432
13327
8650
3550
2969
7074
4793
11471
25965
92617
11473
160355
52860
39149
134828
138658
118750
6762
32518
11968
32519
11326
118751
2487
90513
110370
174379
66493
12142
180842
5436
32856
8662
12148
26358
61387
12146
5298
180818
36002
46715
28625
2489
45051
117193
3485
8661
66549
152568
40880
11458
75751
11460
36003
160456
52268
57103
22000
21998
125458
93973
125732
57753
22283
188847
2629
80807
95513
46713
32861
13318
13319
5727
22006
44054
7990
28817
26663
4977
33746
44524
19755
32869
2225
8133
184314
118828
54324
26352
64625
15249
17791
181102
4598
45020
2633
1527
35000
45015
82815
64627
71507
141231
34994
6715
25488
17793
141232
46647
194081
126218
130570
36254
7991
33445
1767
95016
23566
35601
127111
3279
646
332
16105
78175
138567
16107
51888
181067
77910
8145
127118
31398
71523
71522
83439
181051
16763
54287
78722
177897
103716
1365
158990
33444
49988
75865
78775
45189
75869
75862
2326
3138
35595
2972
7981
14939
33222
55244
2328
32088
159177
14877
67707
32865
44521
34344
49453
64630
49558
12701
9568
177847
39722
8130
99345
12876
13116
33221
85493
31623
32868
34343
67698
34992
78765
66619
45165
95023
1956
71528
91218
35588
7971
1522
83397
12899
26650
67686
81136
73062
125259
75787
17934
24047
109807
180996
71545
145594
4742
31389
1362
4686
2361
16377
4978
77924
105426
108850
45168
71524
668
11403
51887
133156
34048
7964
5640
20494
4782
112020
33434
33435
181037
67671
44355
23557
122223
120831
100377
23558
122222
181021
77919
1949
129699
28673
4600
49533
145566
104579
32609
73068
144435
39167
28819
39166
105488
45031
71526
146357
120851
34155
89513
13000
4922
179209
8547
3372
6155
5853
8548
49379
3492
4534
29073
33197
27543
24062
4602
4873
184
33624
66894
66893
136811
90678
46167
31243
122378
18123
62478
34157
268
55926
2275
112432
10867
148896
34937
165717
114277
31650
19701
114282
29623
27544
2902
100384
97654
147576
3108
117963
38006
2014
19063
162616
37248
36499
66888
39834
24623
49378
118194
19299
71563
34153
476
97658
97655
124471
33613
23681
30710
30326
84957
4406
116993
2126
33185
43257
84955
333
49383
18669
4920
18115
5364
167387
7616
24077
33611
124474
82793
33086
48338
12637
92191
974
33737
28087
9244
83468
182
86479
7236
33736
32339
3140
77714
39336
90013
29519
7614
3668
33213
27805
5018
122392
23691
102121
8540
5915
29288
178441
141588
33738
187981
27562
6704
90716
77705
77706
112902
78720
78721
157259
37214
55908
28080
65125
184363
48488
122412
14654
29610
72240
49381
34674
7618
55635
48123
34956
167344
144489
9259
32103
97635
107660
128662
142538
20770
179669
128457
9232
55624
10433
34044
39848
32514
154235
419
24951
119128
19298
34042
154222
5015
25971
5014
10765
175535
3563
93406
7231
89961
127396
457
5748
165982
127400
19053
52298
22814
103408
1269
6953
5355
40103
55161
114153
25701
110711
9901
119134
92497
41069
110712
32391
128660
114152
55617
68502
10370
5017
57151
57145
6597
4819
4402
52287
22815
63777
52290
142541
347
153857
5308
148273
39839
112185
58363
28423
27538
164707
179998
127698
118175
89960
72441
3673
3345
19061
5312
77738
10410
19060
26144
127410
6481
3368
34165
9237
99175
39846
39473
57142
92483
5353
4865
42599
31117
22523
114253
31112
4308
33093
119874
12003
12163
52283
112349
29076
76783
112350
11613
194581
107398
68539
160510
160498
32394
124784
11617
106694
92478
58536
31172
3490
52862
30083
34162
72229
34161
88975
5316
147522
4727
41458
136308
6197
11799
20
81606
6382
19647
141641
25716
100119
126716
32510
45496
112173
120033
62357
120034
6156
48493
48492
165624
119048
162518
48497
48495
154186
194547
11626
48494
37179
122081
3890
68511
162533
52869
3186
39482
114264
114263
26167
5322
108104
108105
120029
142922
7229
3675
17592
39351
7230
127098
26174
128632
128634
57118
29094
72198
68515
6198
140145
70860
32882
142920
51898
32108
22319
161518
105482
35743
142916
115202
30103
142913
64592
69216
181759
6389
6388
67386
4890
81525
52881
81529
81528
243
1346
19121
47988
32637
10223
105058
5325
36056
10687
4781
36055
36054
25473
52709
51899
22327
13346
19402
114590
5327
24962
148234
17775
11608
30105
2718
119356
3888
11428
189614
69629
52877
128997
152510
10468
34341
161501
32876
32640
124760
114662
70473
33336
124762
70836
24961
11612
152793
114583
24959
154807
26009
122205
32872
3965
6475
20755
30095
26011
115212
24958
24957
52885
124364
11991
118889
28602
123154
100062
5736
125245
11420
24953
51893
84962
53509
32628
35744
181804
4405
87990
61704
49141
123146
11072
10974
49739
4103
49743
106940
142545
5735
24952
180010
69788
119502
126053
1058
154828
25695
4794
36031
49738
154868
106239
30107
114636
124355
154246
10939
111620
2796
124741
55223
11425
11426
119137
123145
19606
57999
28590
11345
119853
168116
38525
168121
51897
32633
56768
181811
124362
1419
114641
11423
172267
69638
69637
125246
4892
36042
19401
4311
7158
9639
31292
3975
19339
123803
55610
31288
11372
31287
38708
38733
26135
52151
5332
4811
3480
25343
106189
152221
31293
116085
2235
129103
71199
195916
67466
2829
48860
64468
124432
126159
55604
150901
35544
47706
52159
430
4792
4664
31282
52153
160235
160227
71116
107270
119198
71117
127249
34597
3853
26130
4260
71202
2233
11940
33757
55601
6311
69437
1960
128601
61908
35982
76286
47695
60027
99583
43825
148648
43828
124426
100246
125007
99587
73451
33582
40487
18964
3973
129120
162375
71211
157440
162410
33179
63774
41443
115663
162409
29284
158998
126029
43833
5329
120187
76300
53215
53720
125546
30831
76287
73445
33572
107411
32911
3529
19388
66626
124122
127193
166694
32739
53706
30267
83007
17904
162363
11936
14851
161930
106316
104000
17906
83005
73115
127088
83006
556
16737
124131
6069
118861
56481
33754
22723
4700
60053
49485
53222
2816
4149
434
106329
58256
55616
119206
102093
8000
106326
33832
1470
124143
35573
78922
5770
56480
56474
28201
194313
71127
56467
8670
93719
71126
53219
6062
162331
33031
4516
22070
14315
33823
159040
168770
102964
22679
8287
160201
85818
13375
125536
4665
64483
4810
160200
2024
142797
66625
25328
2760
31296
38944
30294
161980
121141
3046
33829
3045
115639
127092
4517
162356
4848
158125
33834
151696
94907
66969
38330
4916
118386
34348
23109
4380
59179
88599
91182
39410
7550
69325
69324
32278
169917
69326
1969
722
5552
7458
1614
66968
70730
41258
6827
1099
158110
77190
78087
23112
6823
59178
39407
39405
184434
179092
32280
6168
71132
71765
5550
39401
32900
5717
26502
90816
69327
5716
12566
7451
56482
14303
95461
51700
33833
128564
54348
52663
90484
190102
59205
120877
1255
59198
1615
12567
184461
23605
33332
12192
137792
66974
109935
128573
128574
128111
54351
118387
30878
4616
10100
133891
101354
104779
20998
66970
9308
111399
105134
25791
162031
9309
19492
3401
31527
77157
90490
6424
187441
4428
23799
83362
68050
2827
158088
9305
9544
66980
853
599
11666
25546
11668
487
169656
106175
859
71818
175082
5714
450
15474
3483
12719
116942
26347
124443
47739
187407
187405
724
70710
38706
59389
184471
119475
4918
120721
33040
1940
46147
10220
71836
58699
132985
71829
5500
86203
5422
70292
144516
124863
86201
43818
73498
7008
27391
88620
166744
41264
35527
120141
66991
129126
128585
4864
128586
33184
124433
78094
470
190169
115279
2705
115280
111707
70291
15139
30864
30861
35506
69457
19552
195791
120157
120162
195789
195787
88606
52633
25861
4487
4435
4850
55856
79560
33387
122926
23129
20986
13052
32408
25497
59926
33928
605
145752
70252
131507
4595
41235
19904
33934
157021
4370
145767
27387
156557
84303
604
28508
76849
128116
34219
81936
84317
96721
37026
5701
74434
14808
5980
154182
4796
1747
74397
11637
5244
76824
42571
76829
156515
76830
48686
24639
124862
55861
24645
27376
12823
34216
29007
76820
12896
11018
25502
28341
132732
148193
81928
31519
33390
148191
1777
59927
41232
154178
7561
11628
21389
181577
24474
113024
114033
12524
25500
84329
75545
18876
65907
81308
25155
64338
15970
1622
20027
50404
8762
16178
50743
3305
33394
526
166441
35755
29787
34602
23150
21089
50403
5243
19207
20028
65906
601
137757
188665
126702
33392
59177
30814
75607
8761
35105
25837
8927
190090
52658
79600
527
4378
35758
81971
12200
25159
10833
16182
27790
18871
3625
34610
74896
24101
18873
34603
12825
47686
108223
48263
113299
179783
887
86179
33402
117018
188619
81
23818
25853
71763
81960
51770
4432
28875
147354
158518
29019
23132
2704
52647
4379
34611
30827
117011
3288
108220
528
2884
30829
19544
55882
34222
5976
55883
94516
28184
26881
9651
28189
150708
1783
117773
79013
1312
32119
53733
33954
3005
4634
22869
43817
87845
123754
36400
187786
47911
15094
125533
24684
100265
73504
6563
85
72820
76323
24681
34211
100638
34821
226
5763
194361
126403
48859
27024
124
117770
33403
143134
30112
30113
151517
32121
25545
127069
32419
117771
50405
2366
40043
53019
96782
6554
150707
155779
143136
47909
109821
34108
15543
143135
2500
24098
31816
3944
139605
191670
31817
53745
304
191669
26872
53007
176683
22055
40044
5024
3043
5021
84
42742
4196
150698
39631
150695
9835
75609
32746
34103
102929
34626
9648
5209
49477
123747
123748
47906
5338
125526
13368
9834
53004
29328
138201
38215
3842
83954
63713
47902
18367
76891
66636
154104
155120
97354
47903
29002
138225
140328
178334
107717
3250
27036
94153
29344
32128
3433
9832
32127
125995
74379
138224
74384
29345
26866
7207
31808
34213
121315
31815
34215
55593
42734
118214
121172
122947
98165
20618
140320
24667
105865
26865
148200
29346
125521
7205
242
22743
68585
178362
66634
4594
48138
76856
181672
11143
54744
24673
193040
24672
112795
89502
145777
152296
20610
157420
22746
22748
18366
4199
24671
6553
8306
45690
12335
4669
53227
3004
6057
122927
121307
181688
71113
71114
3453
178636
28348
1214
34097
89499
52993
76336
1780
97371
63731
2283
72814
49769
4896
65230
116040
100076
25047
191343
55585
71140
55386
12967
121113
162225
14831
32150
51663
5220
73402
23412
78889
4192
118403
103684
9321
129064
73397
4636
55383
100279
55384
125044
117019
117020
191351
131832
28794
178163
127304
46248
46250
126114
131828
41112
10823
71166
69376
83257
71163
22089
39727
105619
1898
41899
32294
28409
43855
71137
30619
71138
40438
124664
48875
15491
15609
14693
39396
38441
78892
39394
39397
17617
73429
6241
10139
40437
158514
157589
121122
103683
39389
39388
39391
39392
24166
33767
14682
52949
14523
33052
153362
126136
5791
71179
15486
127265
28145
23418
3824
6566
26079
71180
10697
52946
195644
102504
153369
71182
28146
13705
8317
17611
32156
682
118599
11351
127052
186534
71143
178778
92718
92719
118597
99557
26077
9541
78869
41522
71170
46536
19048
6083
71176
136402
49386
46732
16328
41123
126124
110154
28140
10467
6319
12035
32158
121105
121104
52977
48869
48868
109500
121103
15
26317
5489
1651
92271
4368
5486
5484
146552
44068
27206
4925
33590
50499
161812
18969
18882
7429
32919
47674
120205
103854
158020
166659
86334
190313
116890
102760
56609
56292
16
120211
134369
17340
158019
3750
115241
35126
1945
35123
27766
4924
48999
39383
17521
28494
27356
562
123823
114117
110149
28496
17224
115253
11695
32930
7430
49385
117050
14800
26435
10828
48994
71895
49384
124850
124851
4814
30800
34359
11260
48993
47682
17216
41212
11697
132727
5557
33817
5558
22631
59122
4929
17344
116061
12020
39386
1972
18974
51647
60153
67523
3984
153140
67524
175232
3574
30587
19346
49356
67520
67515
57769
117025
35141
32303
3753
162278
179368
5562
117029
4787
179369
43848
3294
4786
3478
1648
63060
63065
28498
138338
26310
1647
78023
4928
5479
80645
117042
28500
122329
4735
33818
59918
12012
129077
3830
3985
67505
42962
42963
10831
94773
35138
51637
117021
26457
4926
146547
20038
1650
7442
12010
125220
146533
187528
1573
157999
131430
75628
166647
56295
59309
4788
1893
11678
122304
109360
23761
1429
36979
44088
64921
34193
29046
41191
24283
956
33308
42517
42516
8351
23618
539
33965
4593
11673
72842
154084
4964
4447
42955
144752
66666
42512
64930
42509
159526
65930
7414
119018
65933
76983
122306
76976
69928
49920
42953
65946
29804
538
28355
190213
2620
68032
26404
12882
32427
154080
26406
105025
5247
6024
2514
179363
1657
59894
31563
45129
177282
64935
3225
44642
26333
63700
154070
184755
39399
2622
56229
142468
21307
5047
36964
129553
24145
991
33971
87
3857
84416
24286
57776
33306
36958
149818
56231
147307
25761
137649
33972
83925
52593
1582
55826
138982
10200
34202
35777
84417
24690
4444
29479
16649
84422
124842
2414
36972
71858
137639
36970
8792
36971
29913
8
88
19839
4963
114324
86253
104769
189147
25619
36424
132723
83904
30752
180723
48290
20246
16643
5246
55818
89779
919
131870
821
5
4625
47635
86276
72826
3362
122747
121339
189137
6019
52943
6014
5050
32548
31332
34566
100527
130135
25039
32549
17054
126357
54779
95871
2048
34027
35407
173616
167992
29021
8024
23929
84363
92646
2960
28803
130142
6572
52942
145564
32550
9661
39646
4485
157526
147748
65468
155059
32763
65469
102893
13387
122708
50380
159595
71193
119785
55411
36935
74951
43204
33486
129586
2132
44615
11282
123531
30154
71192
8782
29025
33485
3543
71187
24131
76247
159558
40422
192832
113394
192831
6571
109140
106867
16330
132472
30147
34029
44768
168026
43395
32429
8922
35955
13549
2241
11377
11378
716
76252
73154
45612
117743
81274
43394
41510
66715
1358
140645
41136
6096
178164
42497
2505
298
33058
354
74923
71133
30194
2502
43399
64574
34579
159536
30195
109970
32557
23426
109811
108729
114363
20072
150936
28659
122703
6570
108730
150938
108732
108731
159983
117751
119178
43397
12536
116480
24110
992
92688
138701
3866
138697
24861
3869
127022
18383
136923
26762
1973
57687
3399
4831
34265
96385
37371
124956
406
82939
9712
69500
4833
10941
28465
3242
116502
26584
43760
56655
8064
56657
5570
72719
116845
33527
66191
118561
477
36356
37368
11714
129169
30176
67130
30571
49096
9189
39282
8053
30183
3354
44716
127584
57705
11037
1976
355
21593
125935
125933
114923
126335
32178
33862
5522
124912
25654
3355
116488
19577
33524
10348
26758
30962
8885
66210
120679
131377
166874
21598
22254
749
118644
166882
10459
39294
6274
69508
72723
12985
32174
111346
90875
36355
33680
62
34513
33875
56776
20356
4604
1236
4836
33859
11556
68077
34261
1925
115555
12050
26575
106768
39005
77969
2245
34512
83203
124292
36148
36354
3697
9692
12047
568
39379
8050
83208
8821
111755
1237
29720
3090
119289
522
114468
53316
38313
25278
10523
113461
3440
36350
32170
14606
33872
8042
67124
116009
3121
114899
43924
20573
127630
39605
73262
35367
30970
5808
1981
92958
32166
142333
180228
67121
22116
30542
46340
14260
2810
68067
73272
4128
33507
6798
3426
73274
101559
104513
114912
127612
53644
13460
1007
22620
2964
3092
112515
76182
76176
153958
32164
1263
6209
53645
4603
124255
187688
95307
5631
1531
36624
111567
85680
68920
91051
5630
25894
52566
113456
18941
25685
90883
49387
22618
102223
13470
46853
124264
124256
13463
6335
94396
2200
48951
11897
2676
3578
110227
95324
6320
25686
100181
28922
27720
4714
3774
56772
117827
52
439
36651
34861
32943
25909
73947
1807
34864
125343
119277
15927
95296
95292
4072
147282
95278
160977
3141
2882
15926
7406
76199
46969
13785
76206
56168
33004
13456
73956
70046
1810
92924
37913
34859
4135
28917
51590
3214
52558
52559
29390
48548
49388
18584
93111
158666
120636
36667
109585
442
74231
48549
127937
184788
27697
55272
48555
126102
123864
114505
4828
27700
62237
21280
116824
49390
3145
71245
71244
6146
10520
49389
158679
23017
13772
74228
32955
10071
59981
69894
13773
193592
33666
135216
124227
34866
34868
34869
50933
49392
113783
49391
49393
9195
100183
189741
25676
44
23404
179320
4076
1567
116842
127156
34875
74222
34874
26286
74223
156891
39612
74225
53992
141800
74226
99847
3118
76173
18898
144146
3119
4367
25921
71264
62761
25922
71266
82142
127933
32951
2883
33669
11718
67149
116841
22229
34873
46879
178148
189786
74277
3317
511
213
9972
23045
24850
116239
2433
5462
31764
73902
39437
145942
1735
8244
157957
5463
21261
842
7473
65432
120317
158643
158642
126463
147887
74315
76148
189757
28961
68899
33290
34846
4390
77530
157978
95886
68893
5254
34370
58776
8811
32230
8812
1786
7472
147238
74257
76472
7470
58783
49397
49395
513
27696
155307
49396
31749
49394
313
36681
68865
39948
173087
85992
113950
98291
4605
32434
71934
29935
90377
38878
103289
153499
71926
66746
5072
74261
158665
23913
103095
7039
74268
20851
116007
157956
23381
152151
77539
36674
71313
116238
189
3998
8808
4363
58780
71942
19235
75314
158652
29590
2963
10843
29358
105935
68835
63601
19570
77549
156319
33294
128179
32444
4955
12560
109
156333
8410
8411
23338
17517
5949
70989
1004
32235
79129
37922
86994
76439
74247
164980
137431
137430
34366
3054
155946
9043
81405
81406
4954
113930
90314
11709
1727
79128
5064
34848
81667
12454
123020
71904
123019
24712
34363
71903
108645
68847
2434
590
189788
49398
158638
158641
31767
68815
29363
15915
193446
34369
53950
34854
7481
190
71905
73924
137898
90338
23352
19228
82120
123903
86023
510
65437
95879
34367
95881
3210
88756
73258
4521
38238
12976
2242
5962
24178
155983
81747
34534
21601
29153
80581
36344
3058
74996
4453
79140
79484
4454
79134
35354
4451
10751
38583
125620
23904
2917
57664
80584
169770
73244
180169
21599
84695
8917
93837
32707
79131
19179
37390
3934
27250
40160
73584
107103
15657
44803
112826
81701
169768
1327
2766
29149
868
81702
1383
7497
121966
72609
28228
32706
82920
34258
73229
18512
112093
6030
12739
12738
9874
36140
2612
81694
2611
8900
23331
34257
157612
8897
168863
43174
15650
63199
22928
37395
570
30160
50073
31856
178108
32700
4991
12791
23908
167887
2914
166958
33358
49911
105012
37387
195309
114884
29711
91043
53340
125637
36998
39653
26802
31861
77439
50321
60002
156035
119945
2776
105013
41797
151
66159
157096
35326
181302
21619
123459
157099
17696
129219
6026
126980
159947
159499
123212
159497
43170
66163
72665
13399
9060
120934
18790
24844
75367
28916
5397
1739
33877
32161
2733
5086
132294
3060
43164
77522
4990
72685
118628
77521
188218
24561
41782
178118
123450
40373
27402
189269
10717
66182
33841
35831
959
129133
30514
39222
957
131292
152354
5696
1557
4838
11522
90991
4839
26805
124992
2736
1537
32768
87340
1500
4801
3098
26705
9753
2737
79029
158
20600
12333
22188
33793
130855
12332
71065
166787
108811
6033
85118
3100
106545
69466
103367
2028
159419
159418
106347
160
18634
58197
87797
37414
1556
30521
5238
85117
33843
9762
3698
9765
148042
95356
69467
46391
90995
59396
60619
90999
57617
66303
20332
123954
40509
111046
37402
34006
14487
123951
113993
12746
26528
7759
125889
163330
22137
8266
5575
26718
71
146744
5615
102054
58214
5616
36365
26828
120897
163331
135853
147910
14491
1541
3741
10601
26737
12788
26734
41584
28766
26731
163329
5515
76353
52529
128844
84645
109725
18547
166830
91663
30898
37694
63945
87799
52527
41422
22131
71243
40492
26708
36373
68184
21563
117121
2738
30882
30503
3400
10378
36376
36188
54954
3522
4362
32770
28770
13207
3736
3102
9856
59030
10947
26713
2922
8607
91609
61954
119702
308
53694
50292
2458
8082
93784
1538
4703
85561
65330
26746
22128
128826
49399
5518
103522
110832
28775
7356
29353
12411
25320
24787
115956
91583
29354
120924
166870
10379
71234
115623
27671
30926
85572
32970
128819
3999
27672
9159
166869
10286
114016
28771
12060
11197
1816
22598
139842
4585
68687
2838
135094
4359
71239
120930
95413
94352
54644
106781
120599
11200
106780
33021
6322
55316
7359
10351
3123
90838
9179
9181
115362
62966
141950
83777
74216
52767
5611
7363
25063
8491
128117
141947
3526
71229
122566
55317
10456
160778
43501
5111
30907
109559
10382
52766
102261
118315
128829
175
108188
4358
32974
106
127986
33848
28370
33019
143887
32241
43513
3011
32764
503
4803
69857
33846
105542
104
22126
83765
2836
70225
67079
141951
4352
26558
116790
17082
4355
12685
68720
33849
113699
125897
124891
26750
5693
67078
82273
14720
19825
28367
11745
78539
5131
9158
49154
3245
1933
100566
141427
119367
4755
95388
86125
153461
68696
41438
126068
19439
106409
5607
7508
30939
9148
8481
9152
78511
9155
4066
16803
65822
39974
145816
39978
31789
39975
39972
29981
157871
164172
81372
32255
89861
121786
74217
29352
18351
312
49403
120371
112087
169816
72026
15941
122586
29350
72025
40318
150222
76360
29976
153283
172939
68999
29980
99279
29722
65807
28984
2082
47861
49827
78503
37690
89300
40322
10887
592
122577
64423
153607
39967
82542
39968
9084
160879
45710
89859
179328
64422
173812
10451
5103
145838
109114
29246
12429
32250
11081
153569
79494
33370
153570
159859
65829
47876
28390
131973
37885
11063
5622
89298
179435
156039
5624
156038
25883
36722
97873
191
137509
15451
28386
53371
109117
165057
15454
159860
32248
178039
122588
14496
39961
3126
122596
98840
142375
58818
2454
127976
48658
85621
131976
107495
127941
1813
19524
70114
33273
176445
5402
36
174904
153609
4584
47888
598
33368
39
40
1641
58814
1122
153630
7334
72004
13408
596
28974
47884
109111
137564
165076
36736
120365
6220
28981
595
32265
17079
19245
593
35314
115407
12433
1301
22607
9082
145865
168962
85584
120363
122632
4580
28892
28976
24436
141988
36731
34391
39980
86911
35316
8398
10354
5094
193232
145873
9861
34387
83187
33851
3003
43913
5972
180473
72765
190526
104445
33918
38317
104201
185035
113637
78
4631
68084
157900
44189
71992
35306
139580
34382
28205
108499
34830
9865
9866
35288
525
4858
31924
107225
93768
58792
45361
31772
13213
5454
34833
22215
41729
27948
66232
35296
34380
123414
33854
34502
81909
64425
29759
188438
31383
44892
129161
32721
125560
9867
30527
8822
118664
24794
66270
7354
33913
151157
102646
29134
159417
66278
3207
704
29753
2439
44182
20187
2524
8881
523
68107
33788
40067
29242
51586
37423
38250
223
56088
2153
148010
31905
2357
151164
33991
33381
75519
3730
77
150605
33379
83179
33789
2613
47860
35267
145366
79099
114837
49624
29571
33374
44293
66268
34227
111917
26851
3528
145364
132570
222
166873
29746
