40.641808 -73.783596
40.754586 -73.986755
40.54316 -74.363205
40.577883 -73.994028
40.722169 -73.999518
40.768434 -74.145421
40.735657 -74.172367
40.825933 -74.209034
40.806767 -74.185423
40.714063 -73.954344
40.714269 -74.005973
40.675431 -73.971248
40.727267 -73.984694
40.64248 -73.788071
40.757929 -73.985506
40.93121 -73.898747
40.777742 -73.873209
40.759871 -73.980249
40.7371 -73.989369
40.763891 -73.973271
40.76538 -73.817356
40.743991 -74.032363
40.768433 -73.525125
40.692499 -74.16866
40.775501 -73.870473
40.639751 -73.778925
40.68987 -74.17821
40.68987 -74.17821
40.650104 -73.949582
40.750915 -73.994369
40.736482 -73.988245
40.787879 -74.014306
40.7587 -73.978586
40.778889 -73.954167
40.652876 -73.959494
40.754763 -73.973595
40.741228 -74.005422
40.750051 -73.992358
40.738096 -73.990794
40.767192 -73.99181
40.682047 -74.208201
40.652326 -73.827357
40.760682 -73.976466
40.782681 -73.96477
40.588437 -73.657908
40.779423 -73.963429
40.850933 -73.970138
40.633333 -73.783333
40.777774 -73.873189
40.747582 -73.997683
40.772617 -73.877151
40.711938 -73.951127
40.575382 -74.32237
40.760988 -73.977159
40.826878 -73.922742
40.68987 -74.17821
40.728158 -74.077642
40.667779 -73.909642
40.777774 -73.873189
40.776758 -73.866992
40.756677 -73.986459
40.764615 -73.823464
40.6866 -74.193109
40.769546 -74.020418
40.67677 -73.843746
40.779545 -74.023751
40.735905 -74.000683
40.726813 -73.993281
40.800657 -73.728465
40.77725 -73.872611
40.850691 -73.882403
40.692272 -74.184161
40.741795 -74.004936
40.733593 -74.003046
40.752898 -73.996373
40.706678 -73.997455
40.722932 -73.994167
40.82621 -73.502068
40.798711 -74.239035
40.765935 -73.875969
40.636215 -73.741521
40.764075 -73.973165
40.764075 -73.973165
40.734565 -73.990812
40.691492 -73.805689
40.749863 -73.987951
40.760899 -73.990024
40.944543 -74.075419
40.827045 -73.975694
40.692499 -74.16866
40.732074 -73.985492
40.73139 -73.986056
40.675278 -74.004722
40.577327 -74.2282
40.75032 -73.991172
40.716709 -74.048459
40.689062 -74.044634
40.774535 -73.87199
40.75293 -73.977995
40.703882 -73.99063
40.751036 -73.975081
40.905099 -74.209868
40.73545 -73.989929
40.728056 -73.997778
40.657602 -73.583184
40.750606 -73.992856
40.680656 -73.474291
40.701782 -73.80842
40.761073 -73.977009
40.773377 -73.963821
40.766667 -73.866667
40.684531 -73.991974
40.759806 -73.980174
40.892877 -73.972638
40.897599 -74.015973
40.64371 -73.79001
40.82697 -73.92786
40.74632 -73.982607
40.742222 -73.988026
40.720792 -74.001147
40.752069 -73.97631
40.646261 -73.785381
40.911488 -73.782355
40.720292 -73.993424
40.643711 -73.790009
40.769663 -73.99275
40.760682 -73.976466
40.752797 -73.978059
40.731559 -73.989172
40.776511 -73.873357
40.741047 -74.005365
40.763932 -73.973372
40.61316 -73.995972
40.712324 -74.145977
40.75591 -73.969078
40.663992 -74.210701
40.882322 -74.083197
40.756481 -74.003559
40.789545 -74.05653
40.806489 -74.110976
40.731559 -73.989172
40.748611 -73.971389
40.668714 -74.114309
40.757584 -73.985642
40.828209 -73.925669
40.77307 -73.87564
40.68866 -74.17954
40.829226 -73.928518
40.622048 -74.24459
40.414829 -74.365427
40.776488 -73.467345
40.722348 -73.987341
40.751979 -74.008669
40.728409 -73.995409
40.734518 -74.165061
40.459273 -74.360982
40.757987 -73.978475
40.642334 -73.78817
40.772112 -73.930121
40.658456 -73.767172
40.676294 -73.980157
40.41483 -74.229589
40.747778 -73.998889
40.752712 -73.99363
40.64248 -73.788071
40.756455 -74.00353
40.691492 -73.805689
40.754263 -73.982642
40.726769 -73.741521
40.735994 -74.005102
40.748472 -73.98571
40.828169 -73.925723
40.672673 -73.968823
40.714096 -73.955983
40.723137 -73.955912
40.772046 -73.930137
40.755278 -73.945
40.768172 -73.984202
40.736967 -73.99097
40.780883 -73.973114
40.394275 -74.117086
40.833989 -74.097087
40.675234 -73.971043
41.026486 -73.62846
40.757563 -73.989701
40.850656 -73.866524
40.8701 -73.885691
40.644477 -73.782745
40.747046 -73.860135
40.641819 -73.783595
40.749679 -73.991867
40.740578 -73.997682
40.745172 -74.007646
40.755344 -73.84321
40.763861 -73.973002
40.750606 -73.992856
40.746497 -74.009447
40.730903 -73.997509
40.706542 -74.00071
40.733378 -73.991061
40.722024 -73.98682
40.697602 -74.263202
40.752124 -73.97763
40.916765 -74.171811
40.777742 -73.873209
40.714279 -73.956555
40.74149 -74.359595
40.767392 -73.970695
40.751057 -73.975076
40.74148 -73.98817
40.692272 -74.184161
40.740935 -73.66263
40.645373 -73.777799
40.6925 -74.168611
40.646758 -73.787266
40.737946 -74.003442
40.775363 -73.982037
40.753184 -73.982234
40.885933 -74.043474
40.731102 -73.995548
40.7746 -73.8737
40.816944 -73.955833
40.723157 -74.310704
40.6833 -74.1667
40.758932 -73.979507
40.6825 -73.983889
40.762239 -73.984111
40.714269 -73.830968
40.8501 -73.935415
40.78072 -73.973404
40.979264 -74.116531
40.82765 -73.926033
40.557604 -74.284591
40.822601 -73.809578
40.763565 -73.972895
40.608159 -74.277647
40.76408 -73.973222
40.75058 -73.99358
40.718935 -73.992188
40.739558 -74.006369
40.732145 -73.983685
40.812045 -74.12431
40.735351 -73.989945
40.783121 -73.959233
40.724684 -73.995977
40.72471 -73.995641
40.7497 -73.99156
40.717114 -73.963024
40.826489 -74.106809
40.735845 -73.991732
40.758976 -73.966841
40.690018 -73.98161
40.77621 -73.87041
40.676389 -73.773889
40.925376 -74.276537
40.721379 -73.994224
40.748342 -73.984606
40.671281 -73.963856
40.750051 -73.992358
40.67834 -73.968619
40.72717 -73.985203
40.734145 -73.990796
40.721859 -73.957772
40.74952 -73.98922
40.760099 -73.99249
40.737042 -73.990921
40.728367 -73.982227
40.712967 -73.957438
40.756034 -73.972446
40.711688 -74.012267
40.766808 -73.865092
40.740992 -74.005474
40.858433 -74.163755
40.743157 -73.693186
40.724982 -73.999143
40.756054 -73.986951
40.729138 -73.98725
40.777458 -73.877282
40.574444 -73.988333
40.751431 -73.976041
40.75013 -73.988519
40.758605 -73.985407
40.766808 -73.865092
40.759772 -73.979129
40.728859 -73.989607
40.757709 -73.985839
40.767323 -74.204868
40.75604 -73.986941
41.014542 -73.872635
40.721702 -73.958028
40.710121 -74.190717
40.716961 -74.324773
40.759374 -73.978226
40.816124 -73.979986
40.756915 -73.846496
40.74963 -73.982575
40.768435 -73.777077
40.652048 -73.959027
40.731694 -73.985878
40.713175 -74.011803
40.82771 -73.926298
40.74538 -73.905415
40.7326 -73.445401
40.763867 -73.988284
40.753796 -73.984076
40.777774 -73.873189
40.743599 -73.983461
40.741555 -73.989597
40.777742 -73.873209
40.738289 -74.002095
40.772863 -73.984079
40.760682 -73.976466
40.722319 -73.987336
40.980654 -73.68374
40.755656 -73.587627
40.749575 -73.991673
40.868154 -73.425676
40.709951 -73.962471
40.750354 -73.992491
40.719373 -74.004826
40.726893 -73.984134
40.702446 -73.987358
40.755925 -73.993567
40.736519 -73.991299
40.686415 -73.9779
40.767813 -73.982322
40.75256 -73.99435
40.673003 -73.990665
40.758014 -73.979216
40.716714 -73.99656
40.694566 -73.991818
40.702417 -73.987583
40.750354 -73.992491
40.739708 -74.006377
40.741876 -74.004752
40.768697 -73.991818
40.760781 -73.976376
40.742068 -74.003877
40.751447 -74.003384
40.752998 -73.977056
40.779741 -73.973421
40.758083 -73.987674
40.74531 -73.997786
40.764761 -73.978233
40.753694 -73.984036
40.792044 -73.539848
40.729389 -73.993408
40.795933 -74.314871
