17943
3976
7231
12342
12346
29124
8909
2376
55062
55063
83
29600
11504
8013
54269
13826
1431
18
57545
8047
39802
8638
33512
19583
42401
28838
7
966
57560
4300
29115
29114
18674
2624
18672
57015
8634
14977
57011
57012
57014
5270
7689
4890
3956
9869
16586
43153
8899
17956
57024
6186
7814
9320
881
37838
153
4944
30627
12066
601
13827
27058
9129
10248
29103
30
1791
22425
4318
433
603
55046
2149
31146
17061
11715
14265
652
17182
18858
22216
24782
9877
55985
14266
5219
34549
11912
6225
1918
124
18867
16849
8705
21583
4677
22237
9796
12163
13580
668
13013
16408
7922
42697
12158
9882
4735
11511
34764
15726
11929
51406
51407
51411
19397
7599
2276
229
16
2836
23442
48609
51416
49
2995
9007
4710
3469
51855
3656
38004
12157
2935
18872
3657
47889
48587
3464
6361
1005
22802
14588
6223
9403
6918
639
34498
5767
1986
6359
5038
29383
5694
17166
2463
14497
6269
8517
27629
23200
53217
48203
54784
38187
23772
51396
6799
1003
3380
6231
2926
8758
8557
2165
2297
51400
9240
51403
3886
2256
21209
24305
969
37011
28527
24299
52392
26253
9743
2000
2374
52390
27739
24597
47133
24455
43453
28392
31657
568
47123
16466
3081
1775
11142
23676
112
36894
11732
7583
46177
38240
28526
6108
17296
7036
28524
43475
46165
2805
115
28523
30520
37132
49068
3788
23011
28525
22551
54849
27762
49069
10029
19
11743
246
3941
28528
36842
8439
1920
7407
36437
5288
18794
18340
2379
11671
110
7683
2998
963
431
2001
883
24766
24767
16037
8959
30825
3700
27083
4380
1584
9888
10243
37014
108
34248
2851
9526
3883
22466
4757
6711
4383
13825
964
12321
15592
15080
7684
1167
13522
12835
57504
56863
9903
13524
20364
30477
25542
16204
1862
12641
13128
10204
58002
378
4684
6187
34233
2042
4767
33731
132
32025
134
12327
32374
4762
12328
27663
12325
11985
15589
1143
22257
34246
29412
32019
29733
11003
1436
29731
12331
12332
32383
9130
3270
14238
2515
383
29735
10032
51526
12336
1907
57543
57979
34713
125
32386
32387
1331
740
2968
13416
39777
12334
11
2343
5748
5747
4134
45404
11926
2966
45406
45408
30201
16454
4130
51
6196
29468
30203
41288
16428
41287
3725
7971
21191
18007
17203
5095
21999
11609
2341
20848
21408
37998
12534
22000
21176
29874
46405
45409
12540
22771
5240
7736
51547
2195
18899
38002
44644
5887
30188
51346
0
22767
34552
18017
27673
9740
31995
7735
49909
5106
2278
2478
2942
12177
17228
1505
1538
16450
54080
43172
43171
54102
54109
3340
54108
54104
25549
56989
56983
56984
43157
17683
2078
48079
7766
28454
10246
25562
11433
46500
5889
105
7534
9738
2669
47240
11435
37056
28529
8583
36822
5226
275
159
54132
3516
1308
52319
8061
24434
9104
7562
3334
4434
49132
25569
28530
5232
43815
37773
4620
37184
3881
2949
24658
8265
4662
6736
57932
5412
26598
1252
450
57900
57899
57898
11430
3871
75
17403
31309
25715
4793
34464
9119
8031
55351
57315
11904
5850
1872
14888
29031
12467
13327
9431
1648
2133
4771
9258
21587
2686
10129
20615
102
33414
10320
55732
6191
235
1640
1544
15909
18665
14202
8025
12314
655
8155
945
40920
40907
6845
43016
40869
28518
31797
52025
12313
18668
29926
29925
11608
7116
1249
1541
9027
38589
24954
20970
15905
24333
32426
5525
15899
15900
15901
31340
15908
45124
18079
7900
20880
20879
342
47
15906
4619
1626
30306
51628
1863
3732
824
5216
47815
54169
38541
5500
6263
13695
19033
54168
25215
36378
23155
47822
3313
13789
2191
2056
25201
25882
9789
9788
25446
9310
2431
6168
15
333
25887
2356
52005
13289
21963
15655
4985
38572
44697
1163
7363
15654
14209
24031
24032
27351
12319
12320
27350
22604
38553
32732
27358
44738
44740
8588
50794
42494
27703
11421
17710
33467
11422
5626
17579
24592
3195
22907
8851
19829
24589
1452
10950
22903
42492
24585
2334
22905
9077
7394
2428
24582
11420
22901
853
17309
9095
6808
22764
22897
52843
22615
18800
3518
18804
5857
22616
2843
9729
53814
19684
54199
22579
289
20095
54197
5861
54196
7318
22585
22587
30822
46235
36100
57579
29696
22617
27596
17722
39926
55156
38728
16636
14410
38732
3328
3603
11394
8127
17815
758
8075
5623
475
5146
33396
11391
78
7538
295
57101
33405
8073
642
1242
51130
18853
40457
1622
57120
38748
6776
16728
11397
2181
26347
5821
1398
16574
1721
28203
14852
2161
3329
1521
17422
28212
16721
52761
1621
20386
5830
1397
3623
293
14851
1702
11386
1076
1610
10132
35354
623
33773
11382
11378
28517
17253
1911
25400
40841
11706
7125
8559
28
3396
28223
1724
373
40185
15647
15648
10214
15646
36463
19401
40203
36
1319
11704
40166
11021
39680
11753
1148
57
18842
6801
31238
55150
19451
469
18844
468
56
12147
12146
31215
32709
25976
6804
1508
14555
7695
35518
46786
5575
2208
928
1067
46289
13933
22648
2060
3316
6805
3526
28520
2387
5778
37204
217
21039
37699
36117
19849
25951
37206
1321
28522
37707
37705
37706
37704
37700
1940
50089
2037
10211
21023
57161
25952
46845
2417
7883
18856
3851
7713
2216
8801
7714
50419
7498
7499
40218
37726
29960
38006
701
50431
18089
6260
18724
21369
1817
20028
1157
52756
7465
8840
1451
4819
21360
24602
35502
24015
5844
38185
9047
9620
46846
3690
3004
1815
278
24536
21358
17832
9596
5666
2179
9052
6699
18346
305
51177
18345
5768
37696
37697
37698
12848
99
18820
10321
5838
5774
28283
28281
52708
7895
57190
50905
69
9693
9585
5700
2923
51059
51060
18128
21506
19788
21507
22373
2330
21514
21508
12564
37396
20226
16620
13537
9584
50117
15046
2089
20586
25372
17375
9699
20587
215
36555
42918
8919
33133
12981
33130
13897
44145
3759
9175
47572
42895
15033
15034
5697
2264
3149
28884
7431
46696
1995
4203
37220
6527
5727
26569
21504
21505
21499
4208
8696
5724
9454
50119
15919
15920
7357
21489
12989
2237
15932
9568
7404
15935
9459
9676
12887
15922
24220
15927
15926
1386
18725
20894
5210
22891
28298
12030
11586
45052
37971
6258
6954
5798
13666
3755
38869
23523
3601
2502
9684
20006
1372
19259
12034
47607
34604
19264
1366
21466
51048
23842
47613
7870
24345
56576
56577
26415
1141
32143
28301
34223
34225
17558
1102
394
33127
8212
54682
8382
2218
8337
26987
8921
19274
19277
19221
52171
765
766
17214
32139
12885
48268
31072
19378
56367
4988
28547
677
9355
10217
28549
38503
2868
1501
31089
8967
1559
10223
10228
28551
17567
28550
30970
5162
5165
14623
1844
7223
583
2858
1843
811
19196
1412
11648
40033
35768
1845
19188
666
44235
1391
55467
3163
578
11212
6256
10085
31506
32138
6121
23510
55466
40496
30997
11946
1956
16777
10230
38131
10236
19870
10232
1864
16615
3531
16601
20147
4844
19206
1557
2139
31358
236
3897
14093
300
7003
7428
12883
25658
6995
16596
8686
43673
28555
28553
2840
43670
29852
28556
47625
47624
9687
28557
43671
9714
644
13342
12567
7948
7667
16780
27982
1957
28562
34972
29522
16085
22324
11765
22323
19657
539
1897
4029
4846
8415
17806
2242
50215
50210
1524
50217
9449
958
42243
2287
7998
1428
50218
26573
18140
9716
41899
5644
2321
22339
47671
47672
4030
26574
537
4239
37365
23144
5614
3228
19819
33073
42960
40078
7817
41874
8312
13801
3580
38063
22859
8088
39556
11563
40577
412
5213
40576
40575
40579
17155
14013
3642
1108
18736
413
24178
18229
52582
2
24357
3229
22857
14014
22148
17157
6595
6513
415
3243
47456
6250
19314
19311
2033
23551
2322
49700
17633
21089
34156
1498
3241
1693
10117
596
4639
48288
19329
4640
29689
19648
23836
6133
37574
2241
48299
45090
28866
22913
11099
8981
17217
29300
17216
29691
1187
1667
12748
56654
25163
6064
53881
1140
3490
19309
1186
1185
32148
37
19304
20936
22929
185
12473
590
13640
55386
10126
3052
1092
6075
34174
34182
13030
12745
9153
39041
23832
8975
6085
13642
53870
56292
62
9975
33351
3451
38408
27568
11164
21094
29520
11842
11534
11478
33608
9749
2406
28564
28565
38411
1047
7546
7986
7727
11864
9557
12671
11217
8104
15261
24
7426
19156
1050
3906
1048
2142
29846
15404
1847
10303
7671
15938
7235
11147
11762
48751
41851
41844
41842
31387
4987
2351
44388
1718
3901
20237
21283
41841
41834
41832
41833
41831
8573
53090
15262
5705
549
40328
11674
41861
7939
34903
6112
7545
36618
5595
5658
50532
36606
14907
52462
7263
21542
3344
57502
51767
51766
3284
36624
7402
8109
17654
52461
23237
47944
16400
8384
21536
54523
27852
17635
19637
17369
731
2232
47956
29549
49031
4138
3278
21537
19647
12089
19930
8307
9215
3596
2222
28805
21535
21666
1341
2551
22835
1429
8748
11966
22837
49620
49619
40324
24504
3259
12390
20525
10749
1915
9658
1514
20718
20719
2543
7518
10148
10969
279
3103
20526
21099
17459
45931
45934
12755
7841
3767
2369
34099
40635
5180
17767
42
3324
23082
20528
6331
42293
19929
25053
2856
58101
6055
8140
49760
18156
25058
58096
26436
25177
17119
6324
22394
52505
792
29243
5376
17120
2410
17124
17122
17121
17128
17125
17127
40660
17136
17134
7780
58147
43598
30183
12248
5014
1179
26970
49176
58166
4643
53431
7098
5428
1290
18649
10281
3213
49608
49609
49611
49612
49614
54861
9326
2313
6046
1780
49617
49615
55558
26035
13489
35067
2108
49192
14294
3499
1959
1295
48450
34329
14651
34322
5591
41654
1297
7690
34866
31440
18277
54884
12784
1300
43248
1709
11830
5439
29523
11636
18959
35085
4946
5425
54901
7636
30767
56725
6307
35071
7192
28531
8492
7526
43578
31
6308
693
25181
29527
19739
12477
9737
2900
17282
8112
19119
4952
557
35644
13172
3126
24728
912
36360
2270
13844
26210
1778
28532
18693
1873
54460
5736
6621
3588
645
1027
19125
7527
7295
46602
9482
19617
725
47459
12516
21433
20530
8302
30699
30700
13841
3717
46596
1430
12959
10500
20533
46570
270
3715
8465
13120
22291
4700
280
15277
26665
37976
48953
3719
891
2223
37881
6561
7302
6562
37875
2718
962
51692
56116
56114
19106
56113
21434
3828
9494
6570
5657
5380
3256
16153
3106
18289
961
21543
19935
19934
3814
26032
5
20687
5208
7449
23584
36602
52233
2730
5269
32328
21127
52440
3218
2261
2952
42354
26417
14686
17979
32809
2371
19385
24147
34791
22293
44909
32299
2756
32486
8139
52234
5962
44941
24124
38784
25101
20697
32485
22294
10504
2311
16378
5687
717
18298
67
1570
1965
53495
571
32490
3411
32499
48545
32500
43552
29673
44949
572
2111
22056
35612
43272
14665
30952
2305
3818
10943
18185
32106
25488
49547
7928
3677
34014
232
3118
11639
1133
4544
4625
28534
18307
18309
22049
26974
25298
8039
39136
21155
44474
14673
56164
28538
29574
864
8045
25502
560
12053
28540
14299
44086
33846
48930
28536
48929
48926
68
8989
1128
3141
28537
1703
5434
28545
11508
14908
57449
689
6302
875
57431
29675
574
8304
17669
1177
28542
25494
1175
28543
915
